 -5.030300  -4.844178  -4.503867  -4.063181  -3.541322  -2.949390  -2.294873  -1.583268  -0.818835  -0.005000   0.010000   0.116353   0.310811   0.562626   0.860823   1.199061   1.573062   1.979683   2.416491   2.881528
 -6.507286  -6.266460  -5.826129  -5.255920  -4.580683  -3.814776  -2.967890  -2.047137  -1.058029  -0.005000   0.010000   0.223076   0.612670   1.117176   1.714609   2.392264   3.141568   3.956226   4.831364   5.763057
 -8.485427  -8.171337  -7.597047  -6.853368  -5.972708  -4.973795  -3.869267  -2.668401  -1.378384  -0.005000   0.010000   0.329799   0.914530   1.671727   2.568396   3.585467   4.710074   5.932769   7.246236   8.644586
-11.165450 -10.752100  -9.996319  -9.017620  -7.858650  -6.544056  -5.090470  -3.510101  -1.812407  -0.005000   0.010000   0.436523   1.216389   2.226277   3.422182   4.778670   6.278579   7.909313   9.661109  11.526115
-14.839018 -14.289610 -13.285058 -11.984210 -10.443754  -8.696449  -6.764401  -4.663838  -2.407332  -0.005000   0.010000   0.543246   1.518247   2.780827   4.275967   5.971870   7.847081   9.885851  12.075975  14.407637
-18.808573 -18.112145 -16.838776 -15.189824 -13.237144 -11.022264  -8.573204  -5.910534  -3.050192  -0.005000   0.010000   0.649969   1.820106   3.335377   5.129753   7.165073   9.415587  11.862394  14.490848  17.289166
-18.530054 -17.843941 -16.589433 -14.964906 -13.041149 -10.859076  -8.446292  -5.823061  -3.005086  -0.005000   0.010000   0.756692   2.121965   3.889928   5.983539   8.358276  10.984093  13.838937  16.905721  20.170695
-18.236234 -17.561003 -16.326392 -14.727631 -12.834387 -10.686922  -8.312407  -5.730783  -2.957503  -0.005000   0.010000   0.863416   2.423824   4.444478   6.837326   9.551478  12.552599  15.815481  19.320593  23.052224
-17.927669 -17.263866 -16.050152 -14.478449 -12.617248 -10.506130  -8.171803  -5.633873  -2.907532  -0.005000   0.010000   0.970139   2.725683   4.999029   7.691112  10.744681  14.121105  17.792024  21.735466  25.933753
-17.605421 -16.953554 -15.761662 -14.218219 -12.390482 -10.317321  -8.024965  -5.532667  -2.855344  -0.005000   0.010000   1.076862   3.027542   5.553578   8.544896  11.937881  15.689606  19.768562  24.150333  28.815275
-17.268790 -16.629390 -15.460294 -13.946372 -12.153593 -10.120084  -7.871572  -5.426943  -2.800828  -0.005000   0.010000   1.183585   3.329401   6.108129   9.398683  13.131084  17.258112  21.745105  26.565205  31.696804
-16.918682 -16.292249 -15.146863 -13.663642 -11.907221  -9.914951  -7.712039  -5.316986  -2.744129  -0.005000   0.010000   1.290309   3.631260   6.662679  10.252469  14.324287  18.826618  23.721649  28.980078  34.578333
-16.556300 -15.943289 -14.822443 -13.371001 -11.652211  -9.702627  -7.546913  -5.203175  -2.685442  -0.005000   0.010000   1.397032   3.933119   7.217230  11.106256  15.517490  20.395124  25.698192  31.394951  37.459863
-16.182588 -15.583418 -14.487879 -13.069209 -11.389228  -9.483664  -7.376624  -5.085805  -2.624920  -0.005000   0.010000   1.503755   4.234978   7.771780  11.960042  16.710693  21.963630  27.674735  33.809823  40.341392
-15.792214 -15.207502 -14.138399 -12.753963 -11.114521  -9.254939  -7.198743  -4.963203  -2.561700  -0.005000   0.010000   1.610478   4.536836   8.326329  12.813826  17.903892  23.532132  29.651273  36.224690  43.222913
-15.391573 -14.821700 -13.779729 -12.430426 -10.832588  -9.020198  -7.016183  -4.837376  -2.496817  -0.005000   0.010000   1.717202   4.838695   8.880880  13.667613  19.097095  25.100638  31.627816  38.639562  46.104442
-14.980010 -14.425380 -13.411279 -12.098067 -10.542970  -8.779057  -6.828646  -4.708118  -2.430165  -0.005000   0.010000   1.823925   5.140554   9.435431  14.521399  20.290298  26.669143  33.604360  41.054435  48.985972
-14.557895 -14.018899 -13.033384 -11.757189 -10.245926  -8.531735  -6.636302  -4.575547  -2.361805  -0.005000   0.010000   1.930648   5.442413   9.989981  15.375186  21.483501  28.237649  35.580903  43.469308  51.867501
-14.127707 -13.604644 -12.648261 -11.409791  -9.943201  -8.279682  -6.440279  -4.440440  -2.292137  -0.005000   0.010000   2.037371   5.744273  10.544532  16.228972  22.676704  29.806155  37.557446  45.884180  54.749030
-13.691735 -13.184818 -12.257959 -11.057721  -9.636406  -8.024240  -6.241620  -4.303517  -2.221533  -0.005000   0.010000   2.144095   6.046131  11.099081  17.082756  23.869904  31.374657  39.533984  48.299047  57.630552
-13.247765 -12.757292 -11.860499 -10.699194  -9.323983  -7.764112  -6.039317  -4.164082  -2.149633  -0.005000   0.010000   2.250818   6.347990  11.653631  17.936543  25.063106  32.943163  41.510528  50.713919  60.512081
-12.798854 -12.325007 -11.458614 -10.336675  -9.008082  -7.501089  -5.834762  -4.023095  -2.076933  -0.005000   0.010000   2.357541   6.649849  12.208182  18.790329  26.256309  34.511669  43.487071  53.128792  63.393610
-12.344589 -11.887567 -11.051936  -9.969834  -8.688414  -7.234929  -5.627767  -3.880426  -2.003366  -0.005000   0.010000   2.464264   6.951708  12.762733  19.644115  27.449512  36.080175  45.463614  55.543665  66.275139
-11.883690 -11.443739 -10.639320  -9.597635  -8.364078  -6.964883  -5.417750  -3.735674  -1.928724  -0.005000   0.010000   2.570988   7.253567  13.317283  20.497902  28.642715  37.648680  47.440157  57.958537  69.156668
-11.419841 -10.997069 -10.224061  -9.223053  -8.037666  -6.693107  -5.206388  -3.589996  -1.853605  -0.005000   0.010000   2.677711   7.555426  13.871833  21.351687  29.835916  39.217184  49.416698  60.373407  72.038194
-10.949147 -10.543808  -9.802675  -8.842944  -7.706436  -6.417321  -4.991907  -3.442167  -1.777377  -0.005000   0.010000   2.784434   7.857285  14.426383  22.205474  31.029119  40.785690  51.393241  62.788280  74.919723
-10.470330 -10.082726  -9.374018  -8.456277  -7.369492  -6.136776  -4.773726  -3.291788  -1.699834  -0.005000   0.010000   2.891157   8.159144  14.980933  23.059259  32.222321  42.354194  53.369782  65.203149  77.801248
 -9.987843  -9.618108  -8.942074  -8.066644  -7.029963  -5.854080  -4.553871  -3.140256  -1.621697  -0.005000   0.010000   2.997881   8.461003  15.535484  23.913045  33.415523  43.922700  55.346325  67.618022  80.682777
 -9.502952  -9.151176  -8.507979  -7.675070  -6.688744  -5.569977  -4.332922  -2.987969  -1.543170  -0.005000   0.010000   3.104604   8.762862  16.090034  24.766832  34.608726  45.491206  57.322868  70.032895  83.564306
 -9.015290  -8.681575  -8.071403  -7.281259  -6.345574  -5.284249  -4.110709  -2.834812  -1.464194  -0.005000   0.010000   3.211327   9.064721  16.644584  25.620617  35.801928  47.059710  59.299409  72.447764  86.445832
 -8.523045  -8.207562  -7.630724  -6.883747  -5.999180  -4.995836  -3.886408  -2.680215  -1.384476  -0.005000   0.010000   3.318050   9.366580  17.199135  26.474404  36.995131  48.628215  61.275952  74.862637  89.327361
 -8.027225  -7.730105  -7.186844  -6.483347  -5.650269  -4.705328  -3.660479  -2.524496  -1.304179  -0.005000   0.010000   3.424774   9.668438  17.753685  27.328189  38.188332  50.196719  63.252493  77.277506  92.208886
 -7.526894  -7.248305  -6.738926  -6.079305  -5.298185  -4.412178  -3.432493  -2.367360  -1.223152  -0.005000   0.010000   3.531497   9.970297  18.308235  28.181975  39.381535  51.765225  65.229036  79.692379  95.090416
 -7.020681  -6.760841  -6.285742  -5.670512  -4.941960  -4.115581  -3.201828  -2.208376  -1.141172  -0.005000   0.010000   3.638220  10.272156  18.862786  29.035762  40.574738  53.333731  67.205580  82.107252  97.971945
 -6.511397  -6.270419  -5.829809  -5.259240  -4.583575  -3.817184  -2.969763  -2.048428  -1.058695  -0.005000   0.010000   3.744943  10.574015  19.417336  29.889548  41.767940  54.902236  69.182122  84.522123 100.853472
 -6.011821  -5.789346  -5.382567  -4.855808  -4.232022  -3.524476  -2.742122  -1.891529  -0.977790  -0.005000   0.010000   3.851667  10.875874  19.971886  30.743333  42.961142  56.470741  71.158664  86.936994 103.734999
 -5.517858  -5.313678  -4.940350  -4.456908  -3.884418  -3.235057  -2.517038  -1.736393  -0.897794  -0.005000   0.010000   3.958390  11.177733  20.526437  31.597119  44.154344  58.039246  73.135206  89.351865 106.616526
 -5.031231  -4.845075  -4.504701  -4.063933  -3.541978  -2.949936  -2.295297  -1.583561  -0.818986  -0.005000   0.010000   4.065113  11.479592  21.080987  32.450905  45.347546  59.607750  75.111748  91.766736 109.498054
 -4.550511  -4.382159  -4.074339  -3.675727  -3.203693  -2.668275  -2.076248  -1.432583  -0.741134  -0.005000   0.010000   4.171836  11.781451  21.635537  33.304692  46.540749  61.176256  77.088291  94.181609 112.379583
 -4.077911  -3.927063  -3.651247  -3.294079  -2.871123  -2.391373  -1.860899  -1.284157  -0.664598  -0.005000   0.010000   4.278560  12.083310  22.190087  34.158477  47.733951  62.744761  79.064833  96.596480 115.261110
 -3.614172  -3.480499  -3.236088  -2.919587  -2.544788  -2.119662  -1.649588  -1.138513  -0.589496  -0.005000   0.010000   4.385283  12.385169  22.744638  35.012263  48.927153  64.313266  81.041375  99.011351 118.142637
 -3.160165  -3.043307  -2.829641  -2.552953  -2.225301  -1.853653  -1.442711  -0.995925  -0.515971  -0.005000   0.010000   4.492006  12.687028  23.299188  35.866049  50.120356  65.881771  83.017917 101.426223 121.024166
 -2.716915  -2.616473  -2.432824  -2.195006  -1.913384  -1.593947  -1.240735  -0.856716  -0.444188  -0.005000   0.010000   4.598729  12.988887  23.853738  36.719835  51.313558  67.450276  84.994460 103.841094 123.905693
 -2.285508  -2.200860  -2.046086  -1.845662  -1.608321  -1.339110  -1.041435  -0.717797  -0.370133  -0.000001   0.000001   4.695824  13.281794  24.400214  37.566585  52.500902  69.014225  86.967862 106.254347 126.787221
 -2.205066  -2.123397  -1.974071  -1.780701  -1.551713  -1.291978  -1.004780  -0.692533  -0.357105  -0.000001   0.000001   4.695824  13.281794  24.400214  37.566585  52.500902  69.014225  86.967862 106.254347 126.787221
 -2.123993  -2.045327  -1.901491  -1.715230  -1.494662  -1.244476  -0.967838  -0.667071  -0.343976  -0.000001   0.000001   4.517952  12.778696  23.475963  36.143608  50.512231  66.400050  83.673624 102.229561 121.984675
 -2.042285  -1.966645  -1.828342  -1.649247  -1.437164  -1.196602  -0.930606  -0.641409  -0.330743  -0.000001   0.000001   4.340080  12.275598  22.551713  34.720632  48.523560  63.785875  80.379387  98.204775 117.182128
 -1.959937  -1.887347  -1.754621  -1.582747  -1.379215  -1.148353  -0.893083  -0.615547  -0.317407  -0.000001   0.000001   4.162208  11.772500  21.627462  33.297655  46.534890  61.171700  77.085150  94.179989 112.379582
 -1.876946  -1.807429  -1.680323  -1.515727  -1.320814  -1.099728  -0.855266  -0.589482  -0.303967  -0.000001   0.000001   3.984336  11.269401  20.703212  31.874678  44.546219  58.557524  73.790913  90.155203 107.577036
 -1.793307  -1.726888  -1.605446  -1.448185  -1.261957  -1.050722  -0.817154  -0.563214  -0.290422  -0.000001   0.000001   3.806464  10.766303  19.778961  30.451701  42.557549  55.943349  70.496675  86.130416 102.774489
 -1.709016  -1.645719  -1.529986  -1.380116  -1.202641  -1.001336  -0.778746  -0.536742  -0.276771  -0.000001   0.000001   3.628592  10.263205  18.854711  29.028725  40.568879  53.329174  67.202439  82.105632  97.971944
 -1.624072  -1.563921  -1.453940  -1.311519  -1.142866  -0.951566  -0.740039  -0.510064  -0.263015  -0.000001   0.000001   3.450719   9.760106  17.930460  27.605748  38.580207  50.714998  63.908200  78.080844  93.169395
 -1.538471  -1.481490  -1.377306  -1.242392  -1.082628  -0.901411  -0.701033  -0.483179  -0.249152  -0.000001   0.000001   3.272847   9.257008  17.006210  26.182771  36.591537  48.100823  60.613963  74.056059  88.366850
 -1.452211  -1.398425  -1.300082  -1.172733  -1.021926  -0.850870  -0.661728  -0.456088  -0.235182  -0.000001   0.000001   3.094975   8.753910  16.081959  24.759795  34.602867  45.486649  57.319727  70.031274  83.564305
 -1.365292  -1.314726  -1.222269  -1.102542  -0.960762  -0.799943  -0.622122  -0.428790  -0.221106  -0.000001   0.000001   2.917103   8.250812  15.157709  23.336818  32.614196  42.872472  54.025488  66.006486  78.761756
 -1.277716  -1.230393  -1.143867  -1.031820  -0.899134  -0.748631  -0.582216  -0.401286  -0.206923  -0.000001   0.000001   2.739231   7.747714  14.233458  21.913841  30.625526  40.258298  50.731252  61.981701  73.959211
 -1.189485  -1.145430  -1.064879  -0.960569  -0.837045  -0.696935  -0.542012  -0.373575  -0.192635  -0.000001   0.000001   2.561359   7.244615  13.309208  20.490865  28.636856  37.644123  47.437016  57.956916  69.156666
 -1.100606  -1.059843  -0.985310  -0.888794  -0.774500  -0.644860  -0.501512  -0.345661  -0.178241  -0.000001   0.000001   2.383487   6.741517  12.384957  19.067888  26.648184  35.029947  44.142777  53.932129  64.354118
 -1.011087  -0.973639  -0.905169  -0.816503  -0.711506  -0.592410  -0.460721  -0.317547  -0.163743  -0.000001   0.000001   2.205615   6.238418  11.460706  17.644910  24.659513  32.415770  40.848538  49.907341  59.551569
 -0.920944  -0.886835  -0.824469  -0.743708  -0.648072  -0.539594  -0.419646  -0.289236  -0.149145  -0.000001   0.000001   2.027743   5.735321  10.536456  16.221935  22.670844  29.801598  37.554304  45.882559  54.749027
 -0.830199  -0.799451  -0.743231  -0.670427  -0.584214  -0.486425  -0.378296  -0.260736  -0.134449  -0.000001   0.000001   1.849871   5.232222   9.612206  14.798958  20.682173  27.187421  34.260065  41.857771  49.946479
 -0.738884  -0.711518  -0.661481  -0.596686  -0.519956  -0.432922  -0.336687  -0.232058  -0.119661  -0.000001   0.000001   1.671998   4.729124   8.687955  13.375980  18.693501  24.573245  30.965827  37.832983  45.143930
 -0.647046  -0.623081  -0.579263  -0.522522  -0.455329  -0.379113  -0.294839  -0.203214  -0.104788  -0.000001   0.000001   1.494126   4.226026   7.763705  11.953005  16.704833  21.959072  27.671593  33.808201  40.341389
 -0.554750  -0.534203  -0.496636  -0.447988  -0.390379  -0.325035  -0.252782  -0.174227  -0.089841  -0.000001   0.000001   1.316254   3.722928   6.839454  10.530027  14.716161  19.344896  24.377354  29.783414  35.538840
 -0.462093  -0.444978  -0.413686  -0.373163  -0.325177  -0.270747  -0.210562  -0.145127  -0.074835  -0.000001   0.000001   1.138382   3.219829   5.915203   9.107050  12.727490  16.730719  21.083115  25.758626  30.736291
 -0.369217  -0.355543  -0.330540  -0.298162  -0.259820  -0.216330  -0.168241  -0.115958  -0.059794  -0.000001   0.000001   0.960510   2.716731   4.990954   7.684075  10.738821  14.116546  17.788881  21.733844  25.933750
 -0.276316  -0.266082  -0.247370  -0.223139  -0.194444  -0.161897  -0.125909  -0.086781  -0.044749  -0.000001   0.000001   0.782638   2.213633   4.066703   6.261097   8.750150  11.502370  14.494642  17.709056  21.131201
 -0.183621  -0.176820  -0.164385  -0.148283  -0.129215  -0.107586  -0.083671  -0.057669  -0.029737  -0.000001   0.000001   0.604766   1.710534   3.142452   4.838120   6.761478   8.888194  11.200404  13.684268  16.328653
 -0.091414  -0.088028  -0.081838  -0.073821  -0.064329  -0.053561  -0.041655  -0.028710  -0.014805  -0.000001   0.000001   0.426894   1.207437   2.218202   3.415145   4.772810   6.274021   7.906170   9.659486  11.526111
  0.000000   0.000000   0.000000   0.000000   0.000000   0.000000   0.000000   0.000000   0.000000   0.000000   0.000000   0.000000   0.000000   0.000000   0.000000   0.000000   0.000000   0.000000   0.000000   0.000000
