-20.781806 -21.703858 -23.584959 -26.485270 -30.841094 -37.637534 -49.226546 -72.664267 -143.151244 -23894.616341 11951.593202 1029.703627 387.189801 215.121863 141.547986 102.386508 78.684101 63.072075 52.152463 44.163022
-15.046938 -15.754769 -17.201417 -19.414371 -22.740286 -27.912308 -36.729212 -54.562168 -108.203900 -23473.002171 11740.789499 528.951046 194.350395 107.834427 71.222800 51.828829 40.123834 32.425952 27.045364 23.109919
-10.499485 -11.053651 -12.174524 -13.864326 -16.394906 -20.304124 -26.952632 -40.383291 -80.802272 -23011.078267 11509.824566 351.680662 128.606484 71.623476 47.598083 34.891769 27.229383 22.193547 18.675289 16.100884
-6.762791 -7.229906 -8.143035 -9.496524 -11.435779 -14.392355 -19.366152 -29.383489 -59.512253 -22520.332956 11264.479901 260.782191 95.396877 53.406171 35.732856 26.395532 20.769664 17.075204 14.494947 12.606528
-3.293321 -3.714798 -4.620115 -5.909373 -7.470625 -9.789413 -13.526375 -20.937963 -43.127579 -22010.802810 11009.746581 205.441712 75.338063 42.421491 28.586364 21.285038 16.890688 14.006156 11.990939 10.514822
.000000 -1.876516 -.954664 -1.856736 -4.180071 -6.428393 -9.526657 -15.347374 -32.492306 -21487.240834 10747.966179 168.144431 61.878966 35.065718 23.807999 17.873152 14.304189 11.961450 10.323802 9.122721
.000000 -1.851915 -.940979 -1.929625 -4.241969 -6.407824 -9.434741 -15.172440 -32.124624 -20944.777244 10476.733214 141.250526 52.211964 29.792104 20.387884 15.434328 12.456460 10.501553 9.134069 8.129536
.000000 -1.863941 -.941217 -2.015781 -4.284073 -6.372772 -9.330248 -14.985791 -31.742188 -20385.907724 10197.285368 120.907586 44.926417 25.824187 17.818845 13.604016 11.070218 9.406740 8.242075 7.385053
.000000 -1.770015 -.948300 -2.117243 -4.310683 -6.323418 -9.213803 -14.788304 -31.345166 -19812.109398 9910.388171 104.967625 39.235364 22.729712 15.818060 12.179408 9.991639 8.555101 7.548344 6.806038
.000000 -1.658720 -.973179 -2.230950 -4.323036 -6.259276 -9.085213 -14.579715 -30.932742 -19224.415459 9616.556938 92.129053 34.663506 20.248458 14.215211 11.038688 9.128307 7.873496 6.993182 6.342741
.000000 -1.548834 -.955960 -2.358789 -4.322632 -6.182015 -8.946768 -14.362404 -30.508532 -18623.862845 9316.309971 81.565107 30.909483 18.214490 12.902056 10.104493 8.421513 7.315542 6.538715 5.963486
.000000 -1.531437 -.994997 -2.496770 -4.308270 -6.091566 -8.798591 -14.136134 -30.071158 -18011.666718 9010.233330 72.713890 27.770758 16.516680 11.806488 9.325402 7.832327 6.850439 6.159813 5.647235
.000000 -1.390097 -.999539 -2.639632 -4.277721 -5.987697 -8.640518 -13.900635 -29.620129 -17390.840115 8699.826854 65.186530 25.108795 15.078132 10.878648 8.665850 7.333770 6.456808 5.839077 5.379490
.000000 -1.297991 -1.021603 -2.760954 -4.227690 -5.870191 -8.472247 -13.654783 -29.152831 -16761.638460 8385.237852 58.702299 22.821752 13.843158 10.082403 8.100074 6.906040 6.119052 5.563728 5.149521
.000000 -1.275752 -1.059696 -2.842665 -4.166832 -5.749547 -8.305002 -13.412646 -28.693108 -16131.162000 8070.007636 53.073633 20.840020 12.773044 9.392275 7.609619 6.535236 5.826045 5.324671 4.949693
.000000 -1.244970 -1.103375 -2.867788 -4.088705 -5.619201 -8.130534 -13.162882 -28.221093 -15497.287290 7753.088916 48.135823 19.105071 11.836603 8.788674 7.180820 6.210921 5.569710 5.115404 4.774662
.000000 -1.391759 -1.152876 -2.853010 -3.996825 -5.482210 -7.951690 -12.908705 -27.742383 -14861.993006 7435.467828 43.774514 17.574701 11.010703 8.256342 6.802756 5.924902 5.343514 4.930632 4.619990
.000000 -1.602386 -1.213449 -2.814619 -3.894258 -5.340347 -7.769774 -12.651260 -27.259199 -14226.352457 7117.689687 39.899774 16.215908 10.277406 7.783806 6.467183 5.670976 5.142575 4.766355 4.482344
.000000 -1.528530 -1.292894 -2.759486 -3.780063 -5.191431 -7.581611 -12.386183 -26.763098 -13589.566806 6799.340591 36.436263 15.002319 9.622721 7.362188 6.167837 5.444381 4.963178 4.619570 4.359234
.000000 -1.452348 -1.378186 -2.687172 -3.651708 -5.032093 -7.382808 -12.107647 -26.242886 -12950.428902 6479.810578 33.319995 13.911411 9.034685 6.983859 5.899404 5.241138 4.802152 4.487670 4.248477
.000000 -1.404673 -1.478808 -2.602460 -3.514708 -4.867367 -7.178550 -11.822178 -25.709699 -12312.604117 6160.941559 30.506658 12.927197 8.504385 6.643037 5.657565 5.057938 4.656841 4.368461 4.148198
.000000 -1.352088 -1.576129 -2.500882 -3.365204 -4.691955 -6.962192 -11.520577 -25.147490 -11673.929356 5841.658539 27.952335 12.034836 8.024413 6.335008 5.439034 4.892318 4.525257 4.260291 4.056997
.000000 -1.280636 -1.630398 -2.381005 -3.204383 -4.506214 -6.733749 -11.202612 -24.555580 -11034.461907 5521.995902 25.623059 11.222642 7.588367 6.055500 5.240747 4.741844 4.405434 4.161485 3.973415
.000000 -1.217700 -1.624004 -2.245390 -3.036155 -4.313352 -6.496446 -10.872103 -23.941268 -10397.089517 5203.371626 23.496147 10.482336 7.191480 5.801448 5.060406 4.604684 4.295841 4.070726 3.896292
.000000 -1.137072 -1.547190 -2.088018 -2.852921 -4.104108 -6.239339 -10.515168 -23.282038 -9759.416078 4884.603846 21.543096 9.805351 6.829583 5.570144 4.896031 4.479306 4.195198 3.986901 3.824656
.000000 -1.046956 -1.420563 -1.917924 -2.662022 -3.886385 -5.972073 -10.144588 -22.600720 -9127.509309 4568.724366 19.753139 9.185766 6.498875 5.358721 4.745451 4.363869 4.101902 3.908602 3.757261
.000000 -.964401 -1.273277 -1.743292 -2.469338 -3.666257 -5.701368 -9.769247 -21.911060 -8506.142917 4258.073736 18.113596 8.618572 6.196324 5.165285 4.607106 4.257086 4.014843 3.834846 3.693234
.000000 -.884648 -1.115897 -1.560010 -2.267512 -3.434499 -5.415816 -9.374052 -21.187376 -7892.830485 3951.437952 16.605491 8.098954 5.919947 4.988441 4.480006 4.158065 3.933195 3.764909 3.631953
.000000 -.803977 -.956404 -1.366426 -2.052987 -3.186633 -5.110313 -8.952730 -20.419821 -7287.904752 3649.014799 15.216196 7.623079 5.667674 4.826793 4.362806 4.065572 3.855854 3.697841 3.572643
.000000 -.709831 -.788221 -1.162707 -1.824745 -2.922015 -4.784756 -8.506058 -19.610141 -6692.889425 3351.578842 13.937932 7.188330 5.437728 4.678527 4.253863 3.978093 3.781518 3.632571 3.514476
.000000 -.615334 -.611883 -.952762 -1.587523 -2.647848 -4.449267 -8.046448 -18.777744 -6112.955751 3061.693794 12.767234 6.792474 5.228385 4.541941 4.151436 3.894095 3.708950 3.568188 3.456822
.000000 -.398090 -.426067 -.735199 -1.342074 -2.367469 -4.108203 -7.577876 -17.926658 -5551.134148 2780.860037 11.700173 6.434152 5.038058 4.415210 4.053800 3.812142 3.637125 3.504059 3.399344
.000000 -.407805 -.232698 -.517150 -1.104062 -2.096424 -3.775477 -7.118448 -17.084488 -5013.986786 2512.361253 10.735227 6.111479 4.864372 4.295794 3.958715 3.730582 3.564968 3.439586 3.341749
.000000 -.367956 -.051954 -.332873 -.901928 -1.856470 -3.473106 -6.694957 -16.299025 -4510.159987 2260.517931 9.873563 5.821530 4.704467 4.181009 3.864120 3.648178 3.491945 3.374689 3.284180
.000000 -.323937 .054080 -.210918 -.744567 -1.655689 -3.210213 -6.319922 -15.596302 -4043.603028 2027.294015 9.113179 5.561739 4.555750 4.068474 3.768654 3.564545 3.418316 3.309911 3.227230
.000000 -.173524 .103695 -.120213 -.607481 -1.466308 -2.951560 -5.946672 -14.890290 -3604.483931 1807.760403 8.443620 5.331976 4.415717 3.956115 3.671618 3.480059 3.344942 3.246194 3.171755
.000000 .013221 .136226 -.050145 -.491500 -1.298154 -2.717889 -5.603808 -14.248080 -3202.144158 1606.667415 7.871276 5.127566 4.277486 3.839801 3.571516 3.394560 3.272069 3.183799 3.117939
.000000 .144228 .161785 .008419 -.389623 -1.147775 -2.509236 -5.299825 -13.701078 -2840.678187 1426.044319 7.400655 4.940026 4.133353 3.716896 3.468509 3.308961 3.200544 3.123354 3.066235
.000000 .211828 .181221 .059505 -.299742 -1.021032 -2.338885 -5.073061 -13.340879 -2532.694467 1272.191559 7.036483 4.752205 3.975459 3.586913 3.364095 3.224661 3.131349 3.065523 3.017110
.000000 .215092 .195150 .104411 -.219340 -.920303 -2.222675 -4.968288 -13.306864 -2293.313843 1152.768987 6.761425 4.539570 3.800834 3.452942 3.261149 3.143563 3.065714 3.011139 2.971166
.000000 .211704 .203744 .140260 -.150138 -.863833 -2.213535 -5.113461 -13.990027 -2161.219459 1087.212650 6.494023 4.282087 3.615480 3.321189 3.163544 3.068118 3.005342 2.961495 2.929458
.000000 .207200 .204238 .162180 -.105843 -.926244 -2.510287 -5.962886 -16.672361 -2235.130980 1124.555155 6.067730 3.986916 3.432794 3.198453 3.074739 3.000288 2.951448 2.917390 2.892531
.000000 .157649 .194833 .153582 -.251088 -1.804041 -4.430456 -9.449566 -23.373884 -2426.138321 1218.065689 5.429031 3.697715 3.270600 3.092820 2.999335 2.943145 2.906303 2.880616 2.861870
.000000 -2.635278 -1.667584 -1.747473 -2.672947 -5.162880 -8.071059 -13.224316 -28.523479 -23808181.645852 11904096.328482 4.997145 3.516369 3.168985 3.026468 2.951968 2.907335 2.878129 2.857794 2.842968
.000000 -2.943123 -1.769139 -1.755233 -2.759243 -5.284614 -8.144339 -13.306795 -28.644405 -23004693.900259 11502352.351852 4.919923 3.492342 3.157180 3.019679 2.947824 2.904787 2.876629 2.857027 2.842736
.000000 -2.683821 -1.589808 -1.766402 -2.852810 -5.389035 -8.217078 -13.392111 -28.773803 -22198863.368601 11099436.982868 4.932751 3.498005 3.161594 3.023720 2.951715 2.908603 2.880404 2.860776 2.846468
.000000 -2.957958 -1.688304 -1.779712 -2.954061 -5.476674 -8.290174 -13.480311 -28.911563 -21389857.724753 10694934.056507 4.947787 3.505289 3.167467 3.029153 2.956962 2.913755 2.885500 2.865836 2.851503
.000000 -3.033290 -1.661372 -1.797546 -3.063965 -5.555649 -8.363865 -13.571339 -29.057614 -20576926.124702 10288468.155335 4.965296 3.514450 3.175035 3.036206 2.963789 2.920463 2.892136 2.872425 2.858059
.000000 -3.101350 -1.776201 -1.819778 -3.182930 -5.629961 -8.438132 -13.664706 -29.211131 -19758943.732285 9879476.861930 4.985326 3.525623 3.184437 3.045016 2.972332 2.928860 2.900445 2.880674 2.866266
.000000 -2.891697 -1.727597 -1.848085 -3.311518 -5.702174 -8.513001 -13.760851 -29.373930 -18936497.608657 9468253.706318 5.008902 3.539593 3.196381 3.056256 2.983244 2.939591 2.911062 2.891214 2.876752
.000000 -3.084045 -1.700550 -1.883828 -3.450437 -5.774008 -8.587965 -13.858561 -29.543434 -18107146.500551 9053578.065373 5.035891 3.556449 3.210984 3.070049 2.996652 2.952780 2.924113 2.904172 2.889642
.000000 -3.048923 -1.692638 -1.927657 -3.599748 -5.845955 -8.662373 -13.956959 -29.718399 -17269845.916629 8634927.692639 5.066780 3.576731 3.228760 3.086895 3.013044 2.968913 2.940080 2.920026 2.905415
.000000 -2.876860 -1.647090 -1.982153 -3.756971 -5.917347 -8.735243 -14.055206 -29.898078 -16424061.468848 8212035.398464 5.102501 3.601339 3.250553 3.107605 3.033217 2.988773 2.959739 2.939547 2.924836
.000000 -2.940300 -1.627856 -2.047611 -3.915254 -5.986347 -8.805046 -14.151481 -30.079515 -15568218.509344 7784113.859872 5.143749 3.631098 3.277164 3.132964 3.057942 3.013125 2.983852 2.963493 2.948661
.000000 -2.872959 -1.588723 -2.126398 -4.060116 -6.050238 -8.869934 -14.242732 -30.257479 -14700260.779769 7350134.954243 5.190961 3.666755 3.309360 3.163736 3.087980 3.042729 3.013172 2.992618 2.977644
.000000 -2.860470 -1.557256 -2.219336 -4.165393 -6.107469 -8.928859 -14.328310 -30.433741 -13822102.980299 6911056.036438 5.247037 3.710873 3.349534 3.202229 3.125593 3.079816 3.049916 3.029122 3.013973
.000000 -2.839865 -1.521391 -2.328292 -4.238403 -6.156149 -8.977755 -14.401955 -30.597895 -12930106.581658 6465057.847162 5.312119 3.764366 3.398728 3.249521 3.171873 3.125484 3.095183 3.074110 3.058756
.000000 -2.803634 -1.491170 -2.455067 -4.291980 -6.193744 -9.013047 -14.460349 -30.749211 -12025853.734079 6012931.469818 5.389373 3.830478 3.460123 3.308748 3.229924 3.182820 3.152047 3.130642 3.115047
.000000 -2.735667 -1.478018 -2.602074 -4.333086 -6.215830 -9.028019 -14.495912 -30.879336 -11107703.154416 5553856.268691 5.480232 3.911633 3.536359 3.382615 3.302482 3.254572 3.223263 3.201482 3.185611
.000000 -2.679683 -1.484307 -2.765878 -4.362676 -6.215591 -9.016384 -14.505151 -30.991918 -10178454.441902 5089232.050619 5.589214 4.012913 3.632673 3.476399 3.394834 3.346032 3.314125 3.291921 3.275738
.000000 -2.356147 -1.518025 -2.917896 -4.372995 -6.183957 -8.972096 -14.487278 -31.097441 -9241336.377661 4620673.213538 5.722510 4.141338 3.756432 3.597593 3.514531 3.464781 3.432232 3.409573 3.393052
.000000 -2.292812 -1.574540 -2.983454 -4.348201 -6.109858 -8.889461 -14.443485 -31.208432 -8297730.769399 4148870.670358 5.887036 4.305285 3.916773 3.755674 3.671227 3.620577 3.587411 3.564308 3.547456
.000000 -2.176534 -1.679935 -2.955124 -4.270060 -5.983014 -8.767358 -14.381312 -31.347503 -7349575.845735 3674793.550745 6.093144 4.516520 4.126453 3.963948 3.878539 3.827233 3.793601 3.770157 3.753048
.000000 -2.000882 -1.848338 -2.876474 -4.119047 -5.798174 -8.612420 -14.315167 -31.554415 -6399372.499922 3199692.325702 6.356640 4.792001 4.403196 4.240702 4.155131 4.103661 4.069893 4.046340 4.029143
.000000 -1.698692 -1.936166 -2.733329 -3.875620 -5.560222 -8.432940 -14.261706 -31.880839 -5445950.403350 2722981.864917 6.696722 5.153200 4.768887 4.608062 4.523300 4.472288 4.438810 4.415453 4.398397
.000000 -.921759 -1.591280 -2.441481 -3.544024 -5.273286 -8.231190 -14.233971 -32.378185 -4480300.579449 2240157.722099 7.130818 5.623990 5.248575 5.091417 5.008568 4.958703 4.925975 4.903140 4.886464
.000000 -1.052315 -1.266793 -1.995194 -3.134772 -4.931964 -8.008445 -14.253384 -33.132420 -3488921.374781 1744469.135271 7.678374 6.238037 5.879186 5.728948 5.649748 5.602080 5.570794 5.548964 5.533023
.000000 -.351237 -.676884 -1.415753 -2.607881 -4.496209 -7.733391 -14.308169 -34.190088 -2442019.311029 1221019.459204 8.337149 7.032921 6.707981 6.571943 6.500233 6.457072 6.428744 6.408978 6.394544
.000000 -.028084 -.152442 -.584203 -1.665700 -3.642508 -7.034115 -13.911675 -34.696653 -1270598.996290 635311.093822 8.957552 7.995202 7.755361 7.654944 7.602008 7.570146 7.549234 7.534643 7.523988
.000000 .000000 .000000 .000000 .000000 .000000 .000000 .000000 .000000 .000000 .000000 .000000 .000000 .000000 .000000 .000000 .000000 .000000 .000000 .000000
