 0.000000E+00  0.000000E+00  0.000000E+00  0.000000E+00  0.000000E+00  0.000000E+00  0.000000E+00  9.448631E-05  7.668529E-03  4.149494E-03  0.000000E+00  0.000000E+00  0.000000E+00  0.000000E+00  0.000000E+00  0.000000E+00  0.000000E+00  0.000000E+00  0.000000E+00  0.000000E+00
 0.000000E+00  0.000000E+00  0.000000E+00  0.000000E+00  0.000000E+00  0.000000E+00  0.000000E+00  0.000000E+00  2.554137E-04  3.064547E-03  2.175899E-03  5.693379E-03  7.232700E-04  0.000000E+00  0.000000E+00  0.000000E+00  0.000000E+00  0.000000E+00  0.000000E+00  0.000000E+00
 0.000000E+00  0.000000E+00  0.000000E+00  0.000000E+00  0.000000E+00  1.667930E-07  1.529620E-04  1.946693E-03  5.667764E-03  1.647744E-03  1.981571E-03  3.461286E-04  2.765481E-05  1.719640E-07  0.000000E+00  0.000000E+00  0.000000E+00  0.000000E+00  0.000000E+00  0.000000E+00
 0.000000E+00  0.000000E+00  0.000000E+00  0.000000E+00  0.000000E+00  0.000000E+00  1.314971E-06  8.867816E-05  1.073065E-03  9.604430E-04  8.675375E-04  2.692073E-03  3.680316E-03  2.403300E-03  4.127519E-06  0.000000E+00  0.000000E+00  0.000000E+00  0.000000E+00  0.000000E+00
 0.000000E+00  0.000000E+00  0.000000E+00  0.000000E+00  0.000000E+00  9.312419E-07  1.396753E-04  2.403134E-03  5.102494E-03  1.285388E-03  2.003185E-03  5.742454E-04  9.454859E-05  2.777708E-05  3.096272E-08  0.000000E+00  0.000000E+00  0.000000E+00  0.000000E+00  0.000000E+00
 0.000000E+00  0.000000E+00  0.000000E+00  0.000000E+00  0.000000E+00  0.000000E+00  1.012026E-06  8.175588E-05  7.804724E-04  1.255719E-03  8.951806E-04  2.680662E-03  2.433625E-03  2.988398E-03  5.145732E-04  1.094161E-08  0.000000E+00  0.000000E+00  0.000000E+00  0.000000E+00
 0.000000E+00  0.000000E+00  0.000000E+00  0.000000E+00  0.000000E+00  1.959619E-07  7.093198E-05  2.145971E-03  5.106658E-03  1.325388E-03  1.899686E-03  7.632892E-04  1.148933E-04  6.013818E-05  6.049284E-06  1.093945E-10  0.000000E+00  0.000000E+00  0.000000E+00  0.000000E+00
 0.000000E+00  0.000000E+00  0.000000E+00  0.000000E+00  0.000000E+00  2.571305E-10  1.880629E-07  4.768466E-05  6.314053E-04  7.429371E-04  6.561720E-04  3.151325E-03  2.908441E-03  2.340802E-03  9.903521E-04  2.389388E-05  0.000000E+00  0.000000E+00  0.000000E+00  0.000000E+00
 0.000000E+00  0.000000E+00  0.000000E+00  0.000000E+00  0.000000E+00  1.693469E-09  2.429231E-05  1.513964E-03  5.308338E-03  1.492938E-03  1.852198E-03  9.215764E-04  1.499267E-04  7.715426E-05  1.650229E-05  2.787484E-07  0.000000E+00  0.000000E+00  0.000000E+00  0.000000E+00
 0.000000E+00  0.000000E+00  0.000000E+00  0.000000E+00  0.000000E+00  0.000000E+00  1.551193E-08  2.783346E-05  5.130327E-04  5.545318E-04  5.289068E-04  2.944174E-03  3.436932E-03  2.122311E-03  1.150789E-03  7.862931E-05  1.535875E-08  0.000000E+00  0.000000E+00  0.000000E+00
 0.000000E+00  0.000000E+00  0.000000E+00  0.000000E+00  0.000000E+00  0.000000E+00  7.244220E-06  1.014869E-03  5.290848E-03  1.635192E-03  1.911306E-03  1.047823E-03  1.948566E-04  9.318772E-05  2.614956E-05  1.158670E-06  1.413392E-10  0.000000E+00  0.000000E+00  0.000000E+00
 0.000000E+00  0.000000E+00  0.000000E+00  0.000000E+00  0.000000E+00  0.000000E+00  1.537444E-08  2.124514E-05  4.373653E-04  3.940391E-04  3.953093E-04  2.802905E-03  3.667473E-03  2.179193E-03  1.184447E-03  1.405527E-04  9.221690E-08  0.000000E+00  0.000000E+00  0.000000E+00
 0.000000E+00  0.000000E+00  0.000000E+00  0.000000E+00  0.000000E+00  6.816636E-07  1.062496E-04  1.438605E-03  4.859453E-03  1.268190E-03  1.861772E-03  1.162782E-03  2.423985E-04  1.127278E-04  3.411119E-05  2.535212E-06  1.149322E-09  0.000000E+00  0.000000E+00  0.000000E+00
 0.000000E+00  0.000000E+00  0.000000E+00  0.000000E+00  0.000000E+00  1.970311E-10  2.687616E-07  3.885940E-05  4.491467E-04  2.100320E-04  3.178048E-04  2.557965E-03  3.829044E-03  2.282889E-03  1.207686E-03  1.954674E-04  3.441128E-07  0.000000E+00  0.000000E+00  0.000000E+00
 0.000000E+00  0.000000E+00  0.000000E+00  0.000000E+00  4.129126E-08  9.576789E-06  2.311530E-04  1.733680E-03  4.468300E-03  1.209650E-03  1.610859E-03  1.220491E-03  2.930848E-04  1.346601E-04  4.201450E-05  4.246801E-06  4.504026E-09  0.000000E+00  0.000000E+00  0.000000E+00
 0.000000E+00  0.000000E+00  0.000000E+00  0.000000E+00  8.843559E-16  1.246135E-08  2.209481E-06  5.811512E-05  4.436038E-04  1.800694E-04  2.353004E-04  2.265601E-03  3.924142E-03  2.352533E-03  1.251331E-03  2.440147E-04  8.296105E-07  9.673028E-11  0.000000E+00  0.000000E+00
 0.000000E+00  0.000000E+00  0.000000E+00  1.134784E-09  5.924076E-07  2.731853E-05  3.630007E-04  1.930541E-03  4.115915E-03  1.154816E-03  1.443299E-03  1.231908E-03  3.456425E-04  1.576843E-04  5.037447E-05  6.105148E-06  1.208036E-08  0.000000E+00  0.000000E+00  0.000000E+00
 0.000000E+00  0.000000E+00  0.000000E+00  0.000000E+00  5.129880E-10  1.508542E-07  5.512194E-06  7.568147E-05  4.296194E-04  1.743293E-04  1.868803E-04  1.995091E-03  3.967587E-03  2.407153E-03  1.296431E-03  2.869606E-04  1.813657E-06  1.110492E-09  0.000000E+00  0.000000E+00
 0.000000E+00  0.000000E+00  4.989262E-11  1.738881E-08  2.145527E-06  5.312288E-05  4.907413E-04  2.055276E-03  3.797075E-03  1.091997E-03  1.340315E-03  1.221112E-03  3.978454E-04  1.805311E-04  5.969439E-05  8.204922E-06  3.064049E-08  2.674326E-13  0.000000E+00  0.000000E+00
 0.000000E+00  0.000000E+00  2.324962E-15  1.306748E-11  7.399661E-09  4.825372E-07  9.705634E-06  9.057859E-05  4.123617E-04  1.718304E-04  1.653988E-04  1.762962E-03  3.967382E-03  2.452020E-03  1.336282E-03  3.251046E-04  3.989706E-06  3.696654E-09  0.000000E+00  0.000000E+00
 0.000000E+00  7.672210E-12  6.603613E-10  7.865133E-08  4.983547E-06  8.450201E-05  6.079388E-04  2.127997E-03  3.505503E-03  1.009657E-03  1.290457E-03  1.206006E-03  4.496008E-04  2.033598E-04  6.975600E-05  1.058702E-05  7.606356E-08  2.758024E-12  4.366601E-17  0.000000E+00
 0.000000E+00  0.000000E+00  6.842134E-13  1.821809E-10  2.822469E-08  1.014187E-06  1.421866E-05  1.021742E-04  3.934421E-04  1.705016E-04  1.559432E-04  1.569645E-03  3.932064E-03  2.493338E-03  1.370635E-03  3.600307E-04  7.459829E-06  8.734073E-09  4.039251E-15  0.000000E+00
 2.944367E-12  9.428090E-11  3.114715E-09  2.245370E-07  9.251824E-06  1.197257E-04  7.116195E-04  2.160769E-03  3.242037E-03  9.435928E-04  1.242181E-03  1.195002E-03  4.998077E-04  2.262634E-04  8.019178E-05  1.320013E-05  1.644895E-07  2.474612E-11  1.022905E-14  0.000000E+00
 0.000000E+00  8.632959E-14  8.750103E-12  8.405288E-10  6.843863E-08  1.706450E-06  1.866407E-05  1.106517E-04  3.739770E-04  1.679478E-04  1.546595E-04  1.413223E-03  3.870248E-03  2.531149E-03  1.398500E-03  3.914617E-04  1.175639E-05  2.050626E-08  6.987327E-13  0.000000E+00
 3.663134E-11  4.462110E-10  9.825778E-09  5.040411E-07  1.496260E-05  1.570225E-04  7.997106E-04  2.162570E-03  3.007823E-03  8.843194E-04  1.200160E-03  1.187815E-03  5.479431E-04  2.490452E-04  9.060001E-05  1.594213E-05  2.981070E-07  1.240368E-10  3.254285E-14  0.000000E+00
 1.166861E-14  9.919728E-13  4.210860E-11  2.441804E-09  1.308330E-07  2.512339E-06  2.274956E-05  1.162083E-04  3.543569E-04  1.656087E-04  1.562400E-04  1.290008E-03  3.791812E-03  2.566030E-03  1.418996E-03  4.178233E-04  1.621142E-05  3.710395E-08  2.067425E-12  0.000000E+00
 1.818786E-10  1.389967E-09  2.381899E-08  9.656618E-07  2.195415E-05  1.944086E-04  8.728987E-04  2.142458E-03  2.798098E-03  8.532709E-04  1.137138E-03  1.187790E-03  5.932582E-04  2.714871E-04  1.009198E-04  1.880894E-05  4.717495E-07  3.391033E-10  7.683844E-14  0.000000E+00
 1.887699E-13  4.599626E-12  1.327122E-10  5.567322E-09  2.151081E-07  3.370092E-06  2.628443E-05  1.193610E-04  3.351966E-04  1.622439E-04  1.608589E-04  1.193741E-03  3.705921E-03  2.593662E-03  1.432379E-03  4.400908E-04  2.056282E-05  6.074548E-08  4.809238E-12  0.000000E+00
 5.751359E-10  3.380994E-09  4.702410E-08  1.623025E-06  2.982642E-05  2.298112E-04  9.299052E-04  2.102797E-03  2.608837E-03  8.289303E-04  1.075540E-03  1.195346E-03  6.393991E-04  2.940656E-04  1.113488E-04  2.177180E-05  6.781401E-07  8.484190E-10  3.323408E-13  1.397811E-18
 7.738319E-13  1.337188E-11  3.176659E-10  1.038860E-08  3.091597E-07  4.149193E-06  2.885683E-05  1.194829E-04  3.145283E-04  1.594818E-04  1.641256E-04  1.113444E-03  3.606957E-03  2.625778E-03  1.445035E-03  4.618778E-04  2.580067E-05  9.345773E-08  2.051533E-11  0.000000E+00
 1.386753E-09  6.893401E-09  8.499116E-08  2.497013E-06  3.831225E-05  2.628551E-04  9.737707E-04  2.051039E-03  2.438762E-03  8.021075E-04  1.026292E-03  1.205077E-03  6.824216E-04  3.164008E-04  1.215395E-04  2.478107E-05  9.302230E-07  1.799173E-09  1.379806E-12  1.825271E-17
 1.772591E-12  2.986903E-11  6.225458E-10  1.714923E-08  4.125661E-07  4.864941E-06  3.079517E-05  1.181547E-04  2.945629E-04  1.545247E-04  1.705947E-04  1.051525E-03  3.510440E-03  2.647900E-03  1.453184E-03  4.794335E-04  3.033812E-05  1.321367E-07  6.909061E-11  1.232047E-16
 2.829935E-09  1.234221E-08  1.385146E-07  3.566593E-06  4.699491E-05  2.925077E-04  1.004970E-03  1.991019E-03  2.285594E-03  7.796591E-04  9.796644E-04  1.218141E-03  7.234161E-04  3.383252E-04  1.313931E-04  2.782163E-05  1.209729E-06  3.364410E-09  5.074088E-12  6.378777E-16
 4.465684E-12  5.312617E-11  1.076224E-09  2.539775E-08  5.131655E-07  5.455169E-06  3.200439E-05  1.153766E-04  2.750520E-04  1.522166E-04  1.746030E-04  1.002955E-03  3.417070E-03  2.663774E-03  1.456914E-03  4.939934E-04  3.431009E-05  1.752610E-07  1.922815E-10  4.733941E-15
 4.974165E-09  2.008765E-08  2.115203E-07  4.773961E-06  5.544621E-05  3.182393E-04  1.024831E-03  1.924785E-03  2.147376E-03  7.629269E-04  9.345673E-04  1.233461E-03  7.626584E-04  3.597082E-04  1.408354E-04  3.087301E-05  1.506973E-06  5.483013E-09  1.304000E-11  8.696454E-15
 7.070828E-12  7.952511E-11  1.655400E-09  3.421264E-08  5.989983E-07  5.880754E-06  3.249957E-05  1.114130E-04  2.560434E-04  1.499247E-04  1.787075E-04  9.647131E-04  3.328675E-03  2.673136E-03  1.456874E-03  5.058078E-04  3.769716E-05  2.235494E-07  3.912857E-10  1.189496E-13
 7.790487E-09  3.027655E-08  3.009319E-07  6.053414E-06  6.336547E-05  3.399041E-04  1.035201E-03  1.854896E-03  2.022751E-03  7.481282E-04  8.960403E-04  1.249022E-03  7.992248E-04  3.802904E-04  1.497519E-04  3.378269E-05  1.806145E-06  8.220698E-09  2.630844E-11  2.649035E-14
 7.942014E-12  1.028339E-10  2.361973E-09  4.300877E-08  6.681839E-07  6.161700E-06  3.245378E-05  1.067450E-04  2.379160E-04  1.470991E-04  1.836434E-04  9.353584E-04  3.250021E-03  2.673428E-03  1.453353E-03  5.134996E-04  3.989869E-05  2.719023E-07  6.263292E-10  1.915424E-13
 1.133526E-08  4.246733E-08  4.128324E-07  7.367794E-06  7.066360E-05  3.578267E-04  1.037522E-03  1.783533E-03  1.909948E-03  7.323168E-04  8.660253E-04  1.264302E-03  8.325447E-04  3.997273E-04  1.579470E-04  3.646072E-05  2.083722E-06  1.140646E-08  4.658732E-11  6.629292E-14
 1.073585E-11  1.165443E-10  3.117505E-09  5.135350E-08  7.205950E-07  6.325861E-06  3.204565E-05  1.017809E-04  2.210151E-04  1.434220E-04  1.897633E-04  9.140096E-04  3.183519E-03  2.663238E-03  1.445354E-03  5.166961E-04  4.048983E-05  3.110086E-07  9.058515E-10  3.203788E-13
 1.496625E-08  5.662945E-08  5.485519E-07  8.660641E-06  7.703392E-05  3.712530E-04  1.031867E-03  1.711013E-03  1.807815E-03  7.136752E-04  8.462533E-04  1.280123E-03  8.641385E-04  4.180811E-04  1.654590E-04  3.882863E-05  2.313136E-06  1.476248E-08  7.326055E-11  1.421332E-13
 1.016448E-11  1.056968E-10  3.795678E-09  5.916827E-08  7.395085E-07  6.307923E-06  3.108594E-05  9.614933E-05  2.046301E-04  1.411540E-04  1.943429E-04  8.977577E-04  3.124677E-03  2.648345E-03  1.435138E-03  5.163825E-04  4.003391E-05  3.401123E-07  1.183738E-09  5.384141E-13
 1.880385E-08  7.283832E-08  7.013854E-07  9.841148E-06  8.234745E-05  3.807265E-04  1.020160E-03  1.638993E-03  1.715048E-03  6.946374E-04  8.331412E-04  1.296395E-03  8.931981E-04  4.350653E-04  1.721410E-04  4.082365E-05  2.483858E-06  1.793199E-08  1.059830E-10  2.728433E-13
 9.694420E-12  1.036296E-10  4.355564E-09  6.621612E-08  7.429403E-07  6.171949E-06  2.983727E-05  9.035941E-05  1.891893E-04  1.375252E-04  2.002488E-04  8.867954E-04  3.077046E-03  2.626296E-03  1.421477E-03  5.113465E-04  3.835838E-05  3.461783E-07  1.462304E-09  1.093924E-12
 2.291169E-08  9.122412E-08  8.784345E-07  1.085621E-05  8.643021E-05  3.861381E-04  1.002753E-03  1.567698E-03  1.630345E-03  6.717323E-04  8.297972E-04  1.313153E-03  9.201760E-04  4.505403E-04  1.778998E-04  4.242903E-05  2.592624E-06  2.087644E-08  1.425691E-10  4.360345E-13
 8.339306E-12  1.197333E-10  4.615658E-09  7.077931E-08  7.202647E-07  5.898436E-06  2.825695E-05  8.432568E-05  1.744111E-04  1.342807E-04  2.055470E-04  8.798049E-04  3.038370E-03  2.599123E-03  1.404746E-03  5.016265E-04  3.601891E-05  3.478964E-07  1.698880E-09  1.546346E-12
 2.616237E-08  1.094182E-07  1.058074E-06  1.160442E-05  8.885506E-05  3.871423E-04  9.801349E-04  1.497252E-03  1.552426E-03  6.464550E-04  8.347781E-04  1.331181E-03  9.458812E-04  4.645744E-04  1.828398E-04  4.360787E-05  2.639666E-06  2.338252E-08  1.782252E-10  6.388964E-13
 1.634143E-12  1.294909E-10  4.419454E-09  7.135003E-08  6.970416E-07  5.383048E-06  2.628502E-05  7.788254E-05  1.599517E-04  1.316321E-04  2.097827E-04  8.753571E-04  3.006213E-03  2.569452E-03  1.386022E-03  4.881503E-04  3.335944E-05  3.423777E-07  1.829584E-09  2.022745E-12
 2.863395E-08  1.284522E-07  1.233728E-06  1.215378E-05  8.977745E-05  3.846798E-04  9.539489E-04  1.428752E-03  1.480468E-03  6.335187E-04  8.326234E-04  1.350290E-03  9.691914E-04  4.769394E-04  1.868288E-04  4.427929E-05  2.627118E-06  2.528910E-08  2.105298E-10  8.763444E-13
 3.889299E-14  1.086128E-10  4.011399E-09  6.981476E-08  6.753007E-07  4.833036E-06  2.417499E-05  7.157789E-05  1.462875E-04  1.274586E-04  2.152376E-04  8.745402E-04  2.984035E-03  2.534169E-03  1.364419E-03  4.694278E-04  3.025629E-05  3.264763E-07  1.879071E-09  2.594012E-12
 2.938848E-08  1.467572E-07  1.386421E-06  1.244178E-05  8.861794E-05  3.779161E-04  9.236740E-04  1.361242E-03  1.413135E-03  6.242666E-04  8.327704E-04  1.371488E-03  9.918101E-04  4.878983E-04  1.899587E-04  4.446757E-05  2.562924E-06  2.646744E-08  2.354719E-10  1.097134E-12
 0.000000E+00  8.592700E-11  3.401295E-09  6.187216E-08  6.270633E-07  4.193692E-06  2.150903E-05  6.495231E-05  1.327582E-04  1.248389E-04  2.185090E-04  8.750249E-04  2.966591E-03  2.498249E-03  1.341421E-03  4.476833E-04  2.711075E-05  3.042198E-07  1.851674E-09  3.201147E-12
 2.789131E-08  1.652927E-07  1.490999E-06  1.241877E-05  8.522399E-05  3.665908E-04  8.891361E-04  1.294483E-03  1.349381E-03  6.249829E-04  8.298675E-04  1.395112E-03  1.014314E-03  4.976006E-04  1.922562E-04  4.420204E-05  2.457801E-06  2.691015E-08  2.512807E-10  1.294566E-12
 0.000000E+00  6.877090E-11  3.273744E-09  4.832779E-08  5.502723E-07  3.709553E-06  1.798256E-05  5.798879E-05  1.191853E-04  1.224018E-04  2.206791E-04  8.759933E-04  2.952513E-03  2.463166E-03  1.317463E-03  4.237136E-04  2.405942E-05  2.787348E-07  1.758235E-09  3.766001E-12
 2.537030E-08  1.833681E-07  1.546937E-06  1.214284E-05  8.058018E-05  3.510253E-04  8.520036E-04  1.229055E-03  1.288795E-03  6.163827E-04  8.419399E-04  1.420613E-03  1.035291E-03  5.057323E-04  1.935501E-04  4.345038E-05  2.318592E-06  2.666172E-08  2.581645E-10  1.431443E-12
 0.000000E+00  5.386965E-11  3.248852E-09  3.945622E-08  4.599127E-07  3.240931E-06  1.527457E-05  4.996605E-05  1.065850E-04  1.179641E-04  2.239940E-04  8.790001E-04  2.945367E-03  2.424608E-03  1.291081E-03  3.958185E-04  2.100987E-05  2.497162E-07  1.623742E-09  4.098309E-12
 2.204063E-08  1.990609E-07  1.552035E-06  1.164818E-05  7.515922E-05  3.312157E-04  8.128567E-04  1.165054E-03  1.231239E-03  6.060481E-04  8.608819E-04  1.448230E-03  1.054642E-03  5.121817E-04  1.938103E-04  4.223170E-05  2.154359E-06  2.582177E-08  2.577209E-10  1.511066E-12
 0.000000E+00  4.250373E-11  3.140816E-09  3.533864E-08  3.658699E-07  2.756737E-06  1.330445E-05  4.193102E-05  9.396862E-05  1.134729E-04  2.270855E-04  8.843680E-04  2.945340E-03  2.382249E-03  1.261754E-03  3.642167E-04  1.808041E-05  2.197349E-07  1.490218E-09  4.336713E-12
 1.764704E-08  2.102579E-07  1.506045E-06  1.095307E-05  6.915172E-05  3.080926E-04  7.692305E-04  1.103086E-03  1.175367E-03  6.093924E-04  8.718810E-04  1.478132E-03  1.072573E-03  5.168594E-04  1.929868E-04  4.054721E-05  1.970946E-06  2.439203E-08  2.474612E-10  1.523553E-12
 0.000000E+00  3.064882E-11  2.905400E-09  3.171680E-08  2.903803E-07  2.226492E-06  1.138905E-05  3.597234E-05  7.922236E-05  1.061317E-04  2.330796E-04  8.918754E-04  2.950629E-03  2.336749E-03  1.229206E-03  3.296342E-04  1.535190E-05  1.896043E-07  1.317635E-09  4.313575E-12
 1.251228E-08  2.119762E-07  1.412055E-06  1.007833E-05  6.263096E-05  2.829490E-04  7.182144E-04  1.042343E-03  1.120322E-03  6.273556E-04  8.760321E-04  1.510786E-03  1.089867E-03  5.199198E-04  1.911160E-04  3.841557E-05  1.774885E-06  2.249909E-08  2.299764E-10  1.460479E-12
 0.000000E+00  1.588130E-11  2.484081E-09  2.767369E-08  2.387131E-07  1.710444E-06  9.307821E-06  3.080568E-05  6.668419E-05  6.159745E-05  2.721751E-04  9.014022E-04  2.959201E-03  2.290624E-03  1.192763E-03  2.938906E-04  1.287378E-05  1.605886E-07  1.144202E-09  4.119672E-12
 8.203318E-09  2.021240E-07  1.288074E-06  9.092204E-06  5.583989E-05  2.568628E-04  6.621742E-04  9.778199E-04  1.066289E-03  6.273507E-04  9.081058E-04  1.546374E-03  1.106598E-03  5.214167E-04  1.881933E-04  3.592664E-05  1.575790E-06  2.029788E-08  2.071847E-10  1.340443E-12
 0.000000E+00  6.355442E-12  1.889892E-09  2.276568E-08  1.945590E-07  1.355519E-06  7.356809E-06  2.562600E-05  5.700555E-05  4.429803E-05  2.804363E-04  9.137827E-04  2.971091E-03  2.244315E-03  1.150505E-03  2.583266E-04  1.068522E-05  1.337291E-07  9.695537E-10  3.702012E-12
 4.578500E-09  1.812564E-07  1.148455E-06  8.030544E-06  4.894513E-05  2.298025E-04  6.020037E-04  9.086540E-04  1.009690E-03  4.317117E-04  1.146782E-03  1.585206E-03  1.122877E-03  5.212982E-04  1.841620E-04  3.316111E-05  1.380502E-06  1.795619E-08  1.824616E-10  1.205513E-12
 0.000000E+00  9.594028E-13  1.190139E-09  1.776965E-08  1.518498E-07  1.069899E-06  5.895078E-06  2.069894E-05  4.749546E-05  2.238107E-05  2.922902E-04  9.282874E-04  2.983822E-03  2.198022E-03  1.101703E-03  2.243174E-04  8.792275E-06  1.101159E-07  8.139681E-10  3.313709E-12
 2.782176E-09  1.546042E-07  9.996950E-07  6.897614E-06  4.218616E-05  2.016044E-04  5.384303E-04  8.343571E-04  9.490884E-04  2.906683E-04  1.339972E-03  1.630401E-03  1.139516E-03  5.197938E-04  1.790938E-04  3.024262E-05  1.195198E-06  1.560682E-08  1.575882E-10  1.069442E-12
 0.000000E+00  0.000000E+00  4.551028E-10  1.314149E-08  1.106503E-07  7.994345E-07  4.593753E-06  1.666752E-05  3.881658E-05  1.210288E-05  2.899308E-04  9.451876E-04  2.996195E-03  2.152281E-03  1.047544E-03  1.930916E-04  7.194410E-06  9.009122E-08  6.828867E-10  3.035196E-12
 2.007562E-09  1.253249E-07  8.431382E-07  5.739956E-06  3.567563E-05  1.730180E-04  4.728589E-04  7.555818E-04  8.835881E-04  2.268343E-04  1.462805E-03  1.681674E-03  1.155651E-03  5.165956E-04  1.729121E-04  2.726608E-05  1.023330E-06  1.332977E-08  1.335247E-10  9.370283E-13
 0.000000E+00  0.000000E+00  1.209167E-11  8.710103E-09  7.679363E-08  5.550542E-07  3.400259E-06  1.304209E-05  3.158098E-05  1.393001E-05  2.745534E-04  9.658528E-04  3.006350E-03  2.104644E-03  9.874786E-04  1.648076E-04  5.854122E-06  7.316993E-08  5.675812E-10  2.793573E-12
 1.603494E-09  9.833318E-08  6.938671E-07  4.671337E-06  2.969641E-05  1.460983E-04  4.097162E-04  6.767330E-04  8.155402E-04  1.983109E-04  1.552789E-03  1.735897E-03  1.167828E-03  5.109208E-04  1.653757E-04  2.425033E-05  8.637391E-07  1.113356E-08  1.097440E-10  7.878635E-13
 0.000000E+00  0.000000E+00  2.233482E-12  5.260149E-09  5.442670E-08  3.778653E-07  2.493686E-06  1.012413E-05  2.557988E-05  1.445894E-05  2.635565E-04  1.000770E-03  3.010325E-03  2.051308E-03  9.170460E-04  1.386398E-04  4.697594E-06  5.825370E-08  4.560846E-10  2.424114E-12
 1.271324E-09  7.297661E-08  5.487231E-07  3.703247E-06  2.409114E-05  1.205421E-04  3.480580E-04  5.965743E-04  7.435336E-04  1.814611E-04  1.633953E-03  1.794486E-03  1.177148E-03  5.029773E-04  1.566057E-04  2.127798E-05  7.187124E-07  9.107810E-09  8.786904E-11  6.368097E-13
 0.000000E+00  0.000000E+00  3.802247E-13  2.421115E-09  3.481826E-08  2.530515E-07  1.602540E-06  7.481976E-06  2.013209E-05  1.522998E-05  2.540541E-04  1.046205E-03  3.006978E-03  1.993162E-03  8.413809E-04  1.154711E-04  3.728487E-06  4.558397E-08  3.597835E-10  2.013079E-12
 1.023127E-09  5.085957E-08  4.138740E-07  2.850555E-06  1.894629E-05  9.677561E-05  2.887535E-04  5.157862E-04  6.675036E-04  1.758692E-04  1.705087E-03  1.856919E-03  1.183028E-03  4.926149E-04  1.467147E-04  1.841595E-05  5.892115E-07  7.296598E-09  6.876944E-11  5.016273E-13
 0.000000E+00  0.000000E+00  5.386248E-14  9.563074E-10  1.912722E-08  1.604049E-07  1.012044E-06  4.912601E-06  1.525761E-05  1.539112E-05  2.464711E-04  1.102294E-03  2.993726E-03  1.929944E-03  7.628832E-04  9.529113E-05  2.928651E-06  3.512915E-08  2.801670E-10  1.643032E-12
 8.069499E-10  3.231638E-08  2.938106E-07  2.099129E-06  1.428733E-05  7.486402E-05  2.319640E-04  4.342196E-04  5.867724E-04  1.795786E-04  1.767344E-03  1.923828E-03  1.186163E-03  4.800238E-04  1.359710E-04  1.573466E-05  4.764545E-07  5.735401E-09  5.246058E-11  3.842436E-13
 0.000000E+00  0.000000E+00  0.000000E+00  4.248558E-10  7.108288E-09  8.683406E-08  6.122599E-07  3.082485E-06  1.010302E-05  1.145925E-05  2.436099E-04  1.165311E-03  2.969588E-03  1.863713E-03  6.856874E-04  7.808804E-05  2.282438E-06  2.680057E-08  2.147430E-10  1.342546E-12
 5.904039E-10  1.831636E-08  1.944858E-07  1.452992E-06  1.019696E-05  5.518978E-05  1.787643E-04  3.529700E-04  5.013073E-04  1.834921E-04  1.826049E-03  1.993162E-03  1.185436E-03  4.649122E-04  1.245501E-04  1.326266E-05  3.792524E-07  4.405883E-09  3.852306E-11  2.731407E-13
 0.000000E+00  0.000000E+00  0.000000E+00  1.264849E-10  3.278850E-09  3.283838E-08  3.119758E-07  1.863801E-06  6.649805E-06  5.520083E-06  2.414320E-04  1.232026E-03  2.932302E-03  1.794941E-03  6.110048E-04  6.347568E-05  1.759335E-06  2.002759E-08  1.571113E-10  1.000520E-12
 3.821467E-10  8.956368E-09  1.167233E-07  9.237230E-07  6.744473E-06  3.808713E-05  1.302295E-04  2.736365E-04  4.119740E-04  1.884432E-04  1.879931E-03  2.067199E-03  1.183054E-03  4.481988E-04  1.129725E-04  1.105348E-05  2.978304E-07  3.319006E-09  2.742599E-11  1.831760E-13
 0.000000E+00  0.000000E+00  0.000000E+00  2.922810E-13  1.235746E-09  1.436021E-08  1.259539E-07  9.298884E-07  4.017231E-06  4.246103E-06  2.345737E-04  1.296960E-03  2.889318E-03  1.728784E-03  5.412549E-04  5.129009E-05  1.344330E-06  1.474382E-08  1.111128E-10  7.037035E-13
 2.401531E-10  3.855640E-09  6.176712E-08  5.189350E-07  3.970807E-06  2.377175E-05  8.721977E-05  1.976642E-04  3.192513E-04  1.845809E-04  1.930687E-03  2.142189E-03  1.177971E-03  4.294305E-04  1.013149E-04  9.090359E-06  2.301432E-07  2.443793E-09  1.881392E-11  1.157817E-13
 0.000000E+00  0.000000E+00  0.000000E+00  9.354706E-16  1.361890E-10  5.000798E-09  4.895204E-08  3.666943E-07  2.100393E-06  2.095939E-06  2.278368E-04  1.350073E-03  2.843654E-03  1.663884E-03  4.757750E-04  4.109436E-05  1.014279E-06  1.061682E-08  7.605703E-11  4.709199E-13
 1.187840E-10  1.797720E-09  2.959449E-08  2.467411E-07  1.945895E-06  1.263863E-05  5.113711E-05  1.280841E-04  2.267918E-04  1.590701E-04  1.982462E-03  2.217518E-03  1.172411E-03  4.092823E-04  8.993786E-05  7.386338E-06  1.751901E-07  1.763221E-09  1.253333E-11  6.959746E-14
 0.000000E+00  0.000000E+00  0.000000E+00  0.000000E+00  7.409854E-12  4.876713E-10  1.249102E-08  1.192889E-07  7.521710E-07  8.544193E-07  2.185590E-04  1.385030E-03  2.803988E-03  1.601024E-03  4.153444E-04  3.267164E-05  7.566861E-07  7.522083E-09  5.101369E-11  2.970992E-13
 5.378255E-11  1.157243E-09  1.460137E-08  1.083001E-07  8.170290E-07  5.632492E-06  2.553510E-05  7.190102E-05  1.426133E-04  8.955354E-05  2.029618E-03  2.294863E-03  1.170558E-03  3.885618E-04  7.912465E-05  5.935595E-06  1.314145E-07  1.245324E-09  8.092796E-12  3.937225E-14
 0.000000E+00  0.000000E+00  0.000000E+00  0.000000E+00  0.000000E+00  1.225142E-11  8.274281E-10  1.125362E-08  1.232574E-07  2.409605E-07  2.033719E-04  1.399391E-03  2.774329E-03  1.540587E-03  3.605689E-04  2.578329E-05  5.578464E-07  5.225624E-09  3.328441E-11  1.772367E-13
 4.187840E-11  1.059674E-09  1.468885E-08  9.506716E-08  7.113651E-07  6.405460E-06  3.045689E-05  8.424452E-05  5.322673E-04  1.548763E-03  2.440606E-04  2.155258E-03  1.108941E-03  3.631689E-04  7.007507E-05  4.940116E-06  1.062104E-07  1.027218E-09  7.384576E-12  4.701263E-14
 1.113883E-12  2.818523E-11  3.906950E-10  2.528597E-09  1.892144E-08  1.704209E-07  8.118041E-07  2.268742E-06  5.363482E-05  1.903839E-04  1.341884E-04  1.584608E-03  2.562588E-03  1.316707E-03  2.846665E-04  1.906184E-05  3.941605E-07  3.637693E-09  2.386685E-11  1.427108E-13
 1.517909E-10  1.791529E-09  1.505982E-08  8.660000E-08  6.381234E-07  7.523936E-06  3.634857E-05  1.629374E-04  7.775831E-04  1.323892E-03  1.432308E-04  2.038042E-03  1.070951E-03  3.567561E-04  6.877544E-05  4.979318E-06  1.285043E-07  1.891221E-09  2.184514E-11  1.889131E-13
 8.069730E-12  9.495739E-11  8.007792E-10  4.603612E-09  3.392362E-08  4.000996E-07  1.936727E-06  1.543828E-05  1.296575E-04  2.708787E-04  1.034157E-04  1.640415E-03  2.373896E-03  1.186216E-03  2.518746E-04  1.729335E-05  4.233798E-07  5.882102E-09  6.248524E-11  4.778557E-13
 7.740277E-10  2.321238E-09  1.610294E-08  8.229763E-08  5.979643E-07  9.100031E-06  5.186821E-05  2.738870E-04  9.084686E-04  1.092371E-03  1.197614E-04  1.928574E-03  1.029050E-03  3.459424E-04  6.623718E-05  4.899499E-06  1.485891E-07  3.265207E-09  6.529481E-11  1.001916E-12
 6.219123E-11  1.857691E-10  1.281133E-09  6.554558E-09  4.762921E-08  7.251816E-07  4.994552E-06  4.326151E-05  2.049179E-04  3.020510E-04  1.038239E-04  1.672698E-03  2.197319E-03  1.064080E-03  2.211431E-04  1.548692E-05  4.446494E-07  9.536517E-09  1.881809E-10  2.713685E-12
 2.067040E-09  3.088755E-09  1.701426E-08  8.156424E-08  6.030942E-07  1.195791E-05  8.118063E-05  3.925285E-04  9.612910E-04  8.940974E-04  1.171558E-04  1.825266E-03  9.839881E-04  3.315070E-04  6.271570E-05  4.711362E-06  1.642860E-07  5.018936E-09  1.540100E-10  3.745548E-12
 2.194606E-10  3.262759E-10  1.803383E-09  8.648841E-09  6.395091E-08  1.336146E-06  1.222933E-05  8.395329E-05  2.731635E-04  3.157039E-04  1.079542E-04  1.685468E-03  2.030624E-03  9.499629E-04  1.926546E-04  1.368632E-05  4.511323E-07  1.355705E-08  4.140192E-10  9.759214E-12
 3.577216E-09  4.031413E-09  1.856312E-08  8.505187E-08  7.295319E-07  1.729628E-05  1.250883E-04  5.030585E-04  9.610700E-04  7.356851E-04  1.156331E-04  1.725808E-03  9.356540E-04  3.138970E-04  5.839804E-05  4.429585E-06  1.734399E-07  6.741572E-09  2.724874E-10  8.966838E-12
 4.702959E-10  5.308389E-10  2.453690E-09  1.125413E-08  9.780979E-08  2.657727E-06  2.565384E-05  1.341380E-04  3.306667E-04  3.190494E-04  1.116203E-04  1.680451E-03  1.871032E-03  8.429510E-04  1.663231E-04  1.192529E-05  4.409961E-07  1.679777E-08  6.671134E-10  2.117420E-11
 5.832581E-09  4.712927E-09  2.028885E-08  9.358279E-08  1.078269E-06  2.663902E-05  1.822472E-04  5.962028E-04  9.268480E-04  6.099411E-04  1.140107E-04  1.630793E-03  8.853516E-04  2.940478E-04  5.358262E-05  4.084990E-06  1.758765E-07  8.095053E-09  3.869891E-10  1.539413E-11
 9.134072E-10  7.428359E-10  3.218367E-09  1.486110E-08  1.819820E-07  5.387329E-06  4.677748E-05  1.897779E-04  3.760149E-04  3.152374E-04  1.145233E-04  1.661270E-03  1.719110E-03  7.437171E-04  1.424144E-04  1.026699E-05  4.175343E-07  1.874406E-08  8.714862E-10  3.312473E-11
 7.956683E-09  5.854733E-09  2.300165E-08  1.116497E-07  1.876531E-06  4.165205E-05  2.497490E-04  6.668432E-04  8.703764E-04  5.093284E-04  1.124408E-04  1.538355E-03  8.328195E-04  2.723208E-04  4.841279E-05  3.691160E-06  1.709797E-07  8.781776E-09  4.596632E-10  2.011419E-11
 1.457125E-09  1.072593E-09  4.247996E-09  2.088969E-08  3.980582E-07  1.050324E-05  7.639251E-05  2.466404E-04  4.084181E-04  3.058658E-04  1.169278E-04  1.628694E-03  1.572906E-03  6.515536E-04  1.207525E-04  8.713703E-06  3.813099E-07  1.898566E-08  9.562592E-10  3.946665E-11
 1.119318E-08  6.435758E-09  2.740647E-08  1.486913E-07  3.519414E-06  6.389794E-05  3.232977E-04  7.124360E-04  8.013298E-04  4.283510E-04  1.107607E-04  1.447587E-03  7.783061E-04  2.492440E-04  4.307024E-05  3.267751E-06  1.599521E-07  8.833436E-09  4.875109E-10  2.254012E-11
 2.334324E-09  1.342934E-09  5.806044E-09  3.268994E-08  9.141569E-07  1.921608E-05  1.142993E-04  3.005001E-04  4.282857E-04  2.925600E-04  1.186812E-04  1.583938E-03  1.431709E-03  5.663296E-04  1.013173E-04  7.282712E-06  3.366414E-07  1.790559E-08  9.418893E-10  4.062068E-11
 1.404504E-08  8.271139E-09  3.539506E-08  2.238970E-07  6.648382E-06  9.457258E-05  3.979778E-04  7.331894E-04  7.268563E-04  3.628922E-04  1.088839E-04  1.358383E-03  7.224499E-04  2.254637E-04  3.774105E-05  2.837340E-06  1.447304E-07  8.383366E-09  4.763724E-10  2.259976E-11
 3.282112E-09  1.953852E-09  8.557578E-09  5.788634E-08  2.042427E-06  3.284126E-05  1.592911E-04  3.478001E-04  4.368322E-04  2.766053E-04  1.197874E-04  1.528661E-03  1.295776E-03  4.882134E-04  8.410522E-05  5.997886E-06  2.890573E-07  1.606331E-08  8.655896E-10  3.806372E-11
 1.746575E-08  1.108295E-08  5.046683E-08  3.731770E-07  1.219048E-05  1.342500E-04  4.687888E-04  7.308089E-04  6.517431E-04  3.094998E-04  1.068328E-04  1.270444E-03  6.657257E-04  2.015007E-04  3.255576E-05  2.412763E-06  1.262725E-07  7.489422E-09  4.283128E-10  2.035607E-11
 4.535194E-09  2.946576E-09  1.394443E-08  1.124490E-07  4.297066E-06  5.260204E-05  2.092849E-04  3.857353E-04  4.355487E-04  2.588261E-04  1.203172E-04  1.464056E-03  1.165292E-03  4.171321E-04  6.900196E-05  4.856947E-06  2.402499E-07  1.362445E-08  7.361184E-10  3.232185E-11
 2.290234E-08  1.482486E-08  7.946382E-08  6.616640E-07  2.147273E-05  1.827206E-04  5.296947E-04  7.075681E-04  5.785762E-04  2.650816E-04  1.045363E-04  1.182126E-03  6.078742E-04  1.776007E-04  2.759046E-05  2.005081E-06  1.061964E-07  6.327260E-09  3.582741E-10  1.676667E-11
 6.562332E-09  4.430237E-09  2.510737E-08  2.281835E-07  8.490901E-06  7.947467E-05  2.608924E-04  4.120061E-04  4.255789E-04  2.395653E-04  1.201405E-04  1.389694E-03  1.039244E-03  3.525072E-04  5.581741E-05  3.857765E-06  1.932613E-07  1.098766E-08  5.868487E-10  2.537557E-11
 2.956947E-08  2.308624E-08  1.356337E-07  1.206150E-06  3.620191E-05  2.393061E-04  5.749999E-04  6.693338E-04  5.105848E-04  2.284887E-04  1.017655E-04  1.095443E-03  5.505991E-04  1.545780E-04  2.299982E-05  1.630176E-06  8.627297E-08  5.081347E-09  2.812221E-10  1.288047E-11
 9.307372E-09  7.779079E-09  4.855043E-08  4.672276E-07  1.579873E-05  1.142364E-04  3.097659E-04  4.267173E-04  4.092927E-04  2.202025E-04  1.190240E-04  1.309110E-03  9.200649E-04  2.949503E-04  4.455426E-05  3.007426E-06  1.507079E-07  8.461666E-09  4.416044E-10  1.873538E-11
 4.036173E-08  3.823227E-08  2.421245E-07  2.446552E-06  5.818209E-05  3.006413E-04  6.008633E-04  6.190837E-04  4.479477E-04  1.970290E-04  9.887711E-05  1.008464E-03  4.933932E-04  1.324684E-04  1.879918E-05  1.292461E-06  6.755171E-08  3.872172E-09  2.059752E-10  9.013376E-12
 1.398541E-08  1.442473E-08  9.671669E-08  1.057105E-06  2.769789E-05  1.560997E-04  3.516989E-04  4.293460E-04  3.876308E-04  2.000970E-04  1.173625E-04  1.221375E-03  8.064306E-04  2.435768E-04  3.496987E-05  2.292836E-06  1.135912E-07  6.201415E-09  3.109653E-10  1.263209E-11
 5.881106E-08  6.640047E-08  4.449069E-07  5.295717E-06  8.856448E-05  3.622912E-04  6.062425E-04  5.616301E-04  3.917646E-04  1.702004E-04  9.547279E-05  9.225100E-04  4.374608E-04  1.117859E-04  1.506549E-05  9.994895E-07  5.109866E-08  2.819812E-09  1.425813E-10  5.855396E-12
 2.246249E-08  2.771340E-08  1.954441E-07  2.518729E-06  4.558915E-05  2.031348E-04  3.834242E-04  4.211413E-04  3.624973E-04  1.803390E-04  1.147169E-04  1.129156E-03  6.998548E-04  1.985132E-04  2.698008E-05  1.709362E-06  8.293240E-08  4.358178E-09  2.079028E-10  7.953487E-12
 9.096966E-08  1.189611E-07  8.252168E-07  1.089834E-05  1.280000E-04  4.183560E-04  5.906891E-04  5.000709E-04  3.413939E-04  1.464359E-04  9.178449E-05  8.365596E-04  3.827658E-04  9.261224E-05  1.179660E-05  7.510430E-07  3.722948E-08  1.955842E-09  9.263004E-11  3.485173E-12
 3.819002E-08  5.421034E-08  3.938319E-07  5.619316E-06  7.075753E-05  2.518685E-04  4.018518E-04  4.031017E-04  3.346771E-04  1.605053E-04  1.113617E-04  1.032323E-03  5.997913E-04  1.591564E-04  2.038571E-05  1.241037E-06  5.843572E-08  2.922431E-09  1.305828E-10  4.580791E-12
 1.491711E-07  2.160991E-07  1.518567E-06  2.092424E-05  1.755737E-04  4.624349E-04  5.564273E-04  4.379566E-04  2.966717E-04  1.255259E-04  8.748496E-05  7.512664E-04  3.301071E-04  7.522398E-05  9.011010E-06  5.474899E-07  2.611444E-08  1.296398E-09  5.729064E-11  1.976681E-12
 6.832289E-08  1.064342E-07  7.792675E-07  1.157740E-05  1.036293E-04  2.975324E-04  4.055532E-04  3.772657E-04  3.053620E-04  1.413268E-04  1.069389E-04  9.326119E-04  5.070062E-04  1.253336E-04  1.505759E-05  8.758181E-07  3.971521E-08  1.876231E-09  7.823251E-11  2.520086E-12
 2.540552E-07  3.925804E-07  2.744796E-06  3.761158E-05  2.295811E-04  4.865591E-04  5.087996E-04  3.783008E-04  2.572689E-04  1.070508E-04  8.268360E-05  6.675983E-04  2.802923E-04  5.981821E-05  6.702390E-06  3.865482E-07  1.764732E-08  8.258516E-10  3.422931E-11  1.097560E-12
 1.258016E-07  2.071097E-07  1.502796E-06  2.217217E-05  1.440563E-04  3.332462E-04  3.957295E-04  3.460881E-04  2.756449E-04  1.230751E-04  1.016197E-04  8.320998E-04  4.222246E-04  9.679323E-05  1.085078E-05  5.997534E-07  2.605665E-08  1.160700E-09  4.545718E-11  1.365389E-12
 4.388500E-07  7.075889E-07  4.884507E-06  6.369631E-05  2.838334E-04  4.872895E-04  4.524844E-04  3.227928E-04  2.223584E-04  9.049274E-05  7.752660E-05  5.858194E-04  2.336906E-04  4.641872E-05  4.835683E-06  2.632209E-07  1.143761E-08  5.025308E-10  1.944779E-11  5.716764E-13
 2.327997E-07  3.968321E-07  2.837290E-06  3.978340E-05  1.886086E-04  3.541278E-04  3.740997E-04  3.115978E-04  2.460603E-04  1.057135E-04  9.563456E-05  7.319037E-04  3.454733E-04  7.306282E-05  7.598313E-06  3.968496E-07  1.643303E-08  6.879620E-10  2.520250E-11  6.960242E-13
 7.583919E-07  1.264027E-06  9.685654E-06  9.897393E-05  3.304763E-04  4.651238E-04  3.919654E-04  2.724766E-04  1.912627E-04  7.574345E-05  7.196356E-05  5.064353E-04  1.907176E-04  3.500849E-05  3.365918E-06  1.715562E-07  7.022163E-09  2.854245E-10  1.009724E-11  2.636800E-13
 4.274192E-07  7.493145E-07  5.991427E-06  6.518303E-05  2.317344E-04  3.577020E-04  3.431132E-04  2.756529E-04  2.170705E-04  8.955091E-05  8.896549E-05  6.333103E-04  2.768654E-04  5.367986E-05  5.141795E-06  2.517328E-07  9.832388E-09  3.810571E-10  1.276950E-11  3.138852E-13
 1.295829E-06  2.281677E-06  1.933074E-05  1.410604E-04  3.612141E-04  4.245490E-04  3.318416E-04  2.280561E-04  1.636360E-04  6.291961E-05  6.609461E-05  4.306455E-04  1.519270E-04  2.555262E-05  2.246627E-06  1.061203E-07  4.040748E-09  1.499394E-10  4.759069E-12  1.076707E-13
 7.707485E-07  1.425393E-06  1.266857E-05  9.757132E-05  2.664482E-04  3.446552E-04  3.062215E-04  2.400770E-04  1.893117E-04  7.503870E-05  8.177725E-05  5.383655E-04  2.167098E-04  3.822176E-05  3.341642E-06  1.517601E-07  5.520241E-09  1.953577E-10  5.874078E-12  1.252878E-13
 2.190962E-06  4.113761E-06  3.611893E-05  1.859122E-04  3.682534E-04  3.734838E-04  2.756676E-04  1.896344E-04  1.392837E-04  5.187247E-05  6.038207E-05  3.594664E-04  1.175995E-04  1.791731E-05  1.422123E-06  6.135576E-08  2.137516E-09  7.119742E-11  1.966235E-12  3.658626E-14
 1.369047E-06  2.698864E-06  2.489569E-05  1.346558E-04  2.850383E-04  3.192105E-04  2.668795E-04  2.062615E-04  1.634093E-04  6.223241E-05  7.468453E-05  4.487960E-04  1.649214E-04  2.617846E-05  2.062461E-06  8.562145E-08  2.852286E-09  9.060959E-11  2.369435E-12  4.156455E-14
 3.618408E-06  7.357874E-06  6.093265E-05  2.244075E-04  3.519117E-04  3.169892E-04  2.247661E-04  1.563263E-04  1.176414E-04  4.212219E-05  5.534754E-05  2.923094E-04  8.731318E-05  1.183029E-05  8.295954E-07  3.189482E-08  9.892469E-10  2.852735E-11  6.454470E-13  9.051871E-15
 2.366195E-06  5.052085E-06  4.389828E-05  1.696888E-04  2.853179E-04  2.844857E-04  2.271097E-04  1.745190E-04  1.393865E-04  5.072147E-05  6.836924E-05  3.642336E-04  1.204657E-04  1.690288E-05  1.174460E-06  4.347302E-08  1.290205E-09  3.545938E-11  7.582722E-13  1.000643E-14
 5.710134E-06  1.433787E-05  9.009538E-05  2.466952E-04  3.179740E-04  2.605503E-04  1.804537E-04  1.278198E-04  9.883004E-05  3.428655E-05  5.124337E-05  2.294038E-04  6.093685E-05  7.100743E-06  4.219801E-07  1.374775E-08  3.589415E-10  8.104447E-12  1.317111E-13  1.206068E-15
 3.892753E-06  1.031144E-05  6.753331E-05  1.942550E-04  2.695326E-04  2.447331E-04  1.891557E-04  1.455417E-04  1.178583E-04  4.137034E-05  6.318061E-05  2.852045E-04  8.277122E-05  9.930928E-06  5.836302E-07  1.830781E-08  4.572685E-10  9.813816E-12  1.502595E-13  1.289153E-15
 7.866512E-06  2.489384E-05  1.183736E-04  2.505072E-04  2.758370E-04  2.100233E-04  1.441746E-04  1.045508E-04  8.382197E-05  2.909887E-05  4.984753E-05  1.710813E-04  3.819166E-05  3.530966E-06  1.582540E-07  3.751637E-09  6.307632E-11  6.877457E-13  1.574352E-15  3.879583E-19
 5.566373E-06  1.857656E-05  9.195727E-05  2.048946E-04  2.437899E-04  2.055047E-04  1.556833E-04  1.207179E-04  1.003344E-04  3.513803E-05  6.132733E-05  2.123014E-04  5.111363E-05  4.836846E-06  2.137618E-07  4.869191E-09  7.785153E-11  7.914250E-13  1.500170E-15  3.026047E-19
 4.203652E-06  3.580137E-05  1.433421E-04  2.396537E-04  2.298267E-04  1.650856E-04  1.135766E-04  8.491540E-05  7.259797E-05  2.437054E-05  5.651506E-05  1.098927E-04  1.679642E-05  7.825018E-07  7.049282E-09  2.830609E-11  1.671412E-13  1.123957E-16  9.899077E-23  0.000000E+00
 3.024941E-06  2.737821E-05  1.148206E-04  2.030903E-04  2.112381E-04  1.675116E-04  1.255904E-04  9.902863E-05  8.710714E-05  2.941971E-05  6.938714E-05  1.365312E-04  2.218314E-05  1.047241E-06  8.991256E-09  3.433065E-11  1.884893E-13  1.030059E-16  2.968280E-24  0.000000E+00
 2.015826E-04  6.368613E-04  1.484211E-04  1.809398E-06  8.092157E-05  1.062999E-05  7.364439E-06  6.934418E-06  2.018735E-07  4.641054E-07  2.084058E-09  4.477236E-09  2.220852E-11  1.526714E-11  1.081693E-13  6.997303E-14  1.725792E-16  3.016808E-17  2.859617E-21  9.112548E-25
 1.752965E-04  6.233962E-04  1.623218E-04  2.584675E-06  9.981562E-05  1.228548E-05  9.736803E-06  8.874217E-06  2.732096E-07  6.046226E-07  2.647278E-09  5.574737E-09  2.602270E-11  1.807553E-11  1.226695E-13  7.712306E-14  1.658958E-16  2.718854E-17  1.047855E-23  4.718593E-27
