 0.000000E+00  0.000000E+00  0.000000E+00  0.000000E+00  0.000000E+00  0.000000E+00  0.000000E+00  9.448631E-05  7.923942E-03  7.214041E-03  2.175899E-03  5.693379E-03  7.232700E-04  0.000000E+00  0.000000E+00  0.000000E+00  0.000000E+00  0.000000E+00  0.000000E+00  0.000000E+00
 0.000000E+00  0.000000E+00  0.000000E+00  0.000000E+00  0.000000E+00  1.667930E-07  1.542770E-04  2.035371E-03  6.740828E-03  2.608187E-03  2.849108E-03  3.038202E-03  3.707971E-03  2.403472E-03  4.127519E-06  0.000000E+00  0.000000E+00  0.000000E+00  0.000000E+00  0.000000E+00
 0.000000E+00  0.000000E+00  0.000000E+00  0.000000E+00  0.000000E+00  9.312419E-07  1.406873E-04  2.484890E-03  5.882967E-03  2.541107E-03  2.898365E-03  3.254908E-03  2.528174E-03  3.016175E-03  5.146042E-04  1.094161E-08  0.000000E+00  0.000000E+00  0.000000E+00  0.000000E+00
 0.000000E+00  0.000000E+00  0.000000E+00  0.000000E+00  0.000000E+00  1.962190E-07  7.112004E-05  2.193655E-03  5.738064E-03  2.068325E-03  2.555858E-03  3.914614E-03  3.023334E-03  2.400940E-03  9.964014E-04  2.389399E-05  0.000000E+00  0.000000E+00  0.000000E+00  0.000000E+00
 0.000000E+00  0.000000E+00  0.000000E+00  0.000000E+00  0.000000E+00  1.693469E-09  2.430782E-05  1.541798E-03  5.821370E-03  2.047470E-03  2.381104E-03  3.865750E-03  3.586859E-03  2.199465E-03  1.167291E-03  7.890805E-05  1.535875E-08  0.000000E+00  0.000000E+00  0.000000E+00
 0.000000E+00  0.000000E+00  0.000000E+00  0.000000E+00  0.000000E+00  0.000000E+00  7.259595E-06  1.036115E-03  5.728214E-03  2.029231E-03  2.306616E-03  3.850728E-03  3.862330E-03  2.272381E-03  1.210596E-03  1.417114E-04  9.235824E-08  0.000000E+00  0.000000E+00  0.000000E+00
 0.000000E+00  0.000000E+00  0.000000E+00  0.000000E+00  0.000000E+00  6.818607E-07  1.065183E-04  1.477465E-03  5.308600E-03  1.478222E-03  2.179577E-03  3.720747E-03  4.071443E-03  2.395617E-03  1.241798E-03  1.980026E-04  3.452621E-07  0.000000E+00  0.000000E+00  0.000000E+00
 0.000000E+00  0.000000E+00  0.000000E+00  0.000000E+00  4.129126E-08  9.589250E-06  2.333625E-04  1.791795E-03  4.911904E-03  1.389719E-03  1.846159E-03  3.486092E-03  4.217227E-03  2.487193E-03  1.293345E-03  2.482615E-04  8.341145E-07  9.673028E-11  0.000000E+00  0.000000E+00
 0.000000E+00  0.000000E+00  0.000000E+00  1.134784E-09  5.929206E-07  2.746938E-05  3.685129E-04  2.006223E-03  4.545535E-03  1.329145E-03  1.630179E-03  3.226999E-03  4.313229E-03  2.564837E-03  1.346805E-03  2.930657E-04  1.825737E-06  1.110492E-09  0.000000E+00  0.000000E+00
 0.000000E+00  0.000000E+00  4.989495E-11  1.740188E-08  2.152927E-06  5.360542E-05  5.004469E-04  2.145855E-03  4.209436E-03  1.263828E-03  1.505714E-03  2.984074E-03  4.365227E-03  2.632551E-03  1.395976E-03  3.333096E-04  4.020346E-06  3.696921E-09  0.000000E+00  0.000000E+00
 0.000000E+00  7.672210E-12  6.610455E-10  7.883351E-08  5.011772E-06  8.551619E-05  6.221575E-04  2.230172E-03  3.898945E-03  1.180159E-03  1.446400E-03  2.775651E-03  4.381665E-03  2.696698E-03  1.440391E-03  3.706177E-04  7.535893E-06  8.736831E-09  4.082917E-15  0.000000E+00
 2.944367E-12  9.436723E-11  3.123465E-09  2.253776E-07  9.320263E-06  1.214321E-04  7.302835E-04  2.271421E-03  3.616014E-03  1.111541E-03  1.396841E-03  2.608225E-03  4.370056E-03  2.757412E-03  1.478692E-03  4.046618E-04  1.192088E-05  2.053101E-08  7.089617E-13  0.000000E+00
 3.664301E-11  4.472029E-10  9.867887E-09  5.064829E-07  1.509343E-05  1.595348E-04  8.224601E-04  2.278779E-03  3.362180E-03  1.049928E-03  1.356400E-03  2.477823E-03  4.339755E-03  2.815075E-03  1.509596E-03  4.337654E-04  1.650952E-05  3.722799E-08  2.099968E-12  0.000000E+00
 1.820673E-10  1.394567E-09  2.395171E-08  9.712291E-07  2.216926E-05  1.977787E-04  8.991831E-04  2.261819E-03  3.133294E-03  1.015515E-03  1.297997E-03  2.381531E-03  4.299179E-03  2.865149E-03  1.533299E-03  4.588997E-04  2.103457E-05  6.108459E-08  4.886077E-12  0.000000E+00
 5.759098E-10  3.394366E-09  4.734177E-08  1.633414E-06  3.013558E-05  2.339604E-04  9.587620E-04  2.222280E-03  2.923365E-03  9.884121E-04  1.239666E-03  2.308791E-03  4.246357E-03  2.919844E-03  1.556384E-03  4.836496E-04  2.647881E-05  9.430615E-08  2.084768E-11  1.397811E-18
 1.388525E-09  6.923270E-09  8.561371E-08  2.514163E-06  3.872482E-05  2.677201E-04  1.004566E-03  2.169194E-03  2.733325E-03  9.566322E-04  1.196887E-03  2.256603E-03  4.192862E-03  2.964301E-03  1.574724E-03  5.042145E-04  3.126834E-05  1.339359E-07  7.047041E-11  1.414574E-16
 2.834401E-09  1.239534E-08  1.395908E-07  3.591990E-06  4.750807E-05  2.979629E-04  1.036975E-03  2.106395E-03  2.560646E-03  9.318757E-04  1.154267E-03  2.221095E-03  4.140486E-03  3.002099E-03  1.588307E-03  5.218151E-04  3.551982E-05  1.786254E-07  1.973556E-10  5.371819E-15
 4.981236E-09  2.016718E-08  2.131757E-07  4.808173E-06  5.604521E-05  3.241201E-04  1.057330E-03  2.036198E-03  2.403419E-03  9.128516E-04  1.113275E-03  2.198174E-03  4.091334E-03  3.032844E-03  1.597709E-03  5.366808E-04  3.920413E-05  2.290324E-07  4.043257E-10  1.276460E-13
 7.798429E-09  3.037938E-08  3.032939E-07  6.096423E-06  6.403365E-05  3.460658E-04  1.067655E-03  1.961641E-03  2.260667E-03  8.952272E-04  1.079684E-03  2.184380E-03  4.049246E-03  3.053719E-03  1.603105E-03  5.472823E-04  4.170484E-05  2.801230E-07  6.526377E-10  2.180328E-13
 1.134600E-08  4.258387E-08  4.159499E-07  7.419148E-06  7.138420E-05  3.641526E-04  1.069568E-03  1.885314E-03  2.130963E-03  8.757388E-04  1.055789E-03  2.178311E-03  4.016064E-03  3.062965E-03  1.603301E-03  5.531568E-04  4.257356E-05  3.224151E-07  9.524388E-10  3.866718E-13
 1.497641E-08  5.673514E-08  5.523475E-07  8.719810E-06  7.777343E-05  3.775610E-04  1.062953E-03  1.807162E-03  2.012445E-03  8.548292E-04  1.040596E-03  2.177881E-03  3.988815E-03  3.066426E-03  1.600597E-03  5.552111E-04  4.234704E-05  3.548748E-07  1.256998E-09  6.805472E-13
 1.881355E-08  7.294195E-08  7.057409E-07  9.907364E-06  8.309039E-05  3.868984E-04  1.049998E-03  1.729352E-03  1.904237E-03  8.321625E-04  1.033390E-03  2.183190E-03  3.970244E-03  3.061361E-03  1.593618E-03  5.521702E-04  4.084224E-05  3.641103E-07  1.568287E-09  1.366767E-12
 2.292003E-08  9.134385E-08  8.830502E-07  1.092699E-05  8.715047E-05  3.920366E-04  1.031010E-03  1.652024E-03  1.804756E-03  8.060130E-04  1.035344E-03  2.192958E-03  3.958546E-03  3.049663E-03  1.582646E-03  5.440556E-04  3.861154E-05  3.687729E-07  1.841449E-09  1.982381E-12
 2.616400E-08  1.095477E-07  1.062493E-06  1.167577E-05  8.955210E-05  3.925254E-04  1.006420E-03  1.575134E-03  1.712378E-03  7.780872E-04  1.044561E-03  2.206539E-03  3.952095E-03  3.034027E-03  1.568862E-03  5.317581E-04  3.599910E-05  3.657602E-07  2.007809E-09  2.661642E-12
 2.863399E-08  1.285608E-07  1.237739E-06  1.222359E-05  9.045275E-05  3.895128E-04  9.781239E-04  1.500330E-03  1.626756E-03  7.609772E-04  1.047861E-03  2.224830E-03  3.953226E-03  3.011108E-03  1.551248E-03  5.137071E-04  3.288341E-05  3.517654E-07  2.089601E-09  3.470356E-12
 2.938848E-08  1.468431E-07  1.389822E-06  1.250365E-05  8.924501E-05  3.821098E-04  9.451830E-04  1.426194E-03  1.545894E-03  7.491055E-04  1.051279E-03  2.246513E-03  3.958401E-03  2.986147E-03  1.531379E-03  4.921509E-04  2.967367E-05  3.306873E-07  2.087146E-09  4.298281E-12
 2.789131E-08  1.653615E-07  1.494273E-06  1.246710E-05  8.577426E-05  3.703003E-04  9.071186E-04  1.352472E-03  1.468566E-03  7.473847E-04  1.050547E-03  2.271105E-03  3.966827E-03  2.960767E-03  1.509720E-03  4.679156E-04  2.651722E-05  3.056450E-07  2.009516E-09  5.060567E-12
 2.537030E-08  1.834220E-07  1.550186E-06  1.218230E-05  8.104009E-05  3.542662E-04  8.672781E-04  1.279021E-03  1.395380E-03  7.343468E-04  1.065934E-03  2.299613E-03  3.980658E-03  2.930340E-03  1.484631E-03  4.392689E-04  2.332847E-05  2.763780E-07  1.881907E-09  5.529751E-12
 2.204063E-08  1.991034E-07  1.555175E-06  1.168352E-05  7.552509E-05  3.339724E-04  8.261611E-04  1.206985E-03  1.325208E-03  7.195210E-04  1.087967E-03  2.332599E-03  3.999982E-03  2.894431E-03  1.455564E-03  4.064484E-04  2.023476E-05  2.455566E-07  1.747939E-09  5.847779E-12
 1.764704E-08  2.102885E-07  1.508951E-06  1.098479E-05  6.944210E-05  3.103190E-04  7.806195E-04  1.139058E-03  1.254590E-03  7.155241E-04  1.104961E-03  2.370008E-03  4.023202E-03  2.853608E-03  1.422193E-03  3.701814E-04  1.732285E-05  2.139963E-07  1.565096E-09  5.837128E-12
 1.251228E-08  2.119921E-07  1.414539E-06  1.010600E-05  6.286967E-05  2.846595E-04  7.275223E-04  1.073149E-03  1.187006E-03  6.889531E-04  1.148207E-03  2.412189E-03  4.049067E-03  2.810543E-03  1.383879E-03  3.323062E-04  1.464867E-05  1.830877E-07  1.374178E-09  5.580151E-12
 8.203318E-09  2.021304E-07  1.289964E-06  9.114970E-06  5.603444E-05  2.582183E-04  6.695311E-04  1.003446E-03  1.123294E-03  6.716488E-04  1.188542E-03  2.460157E-03  4.077690E-03  2.765732E-03  1.338699E-03  2.942532E-04  1.226101E-05  1.540270E-07  1.176738E-09  5.042455E-12
 4.578500E-09  1.812574E-07  1.149645E-06  8.048314E-06  4.909698E-05  2.308724E-04  6.078987E-04  9.293530E-04  1.057185E-03  4.540927E-04  1.439072E-03  2.513493E-03  4.106699E-03  2.719320E-03  1.285865E-03  2.574785E-04  1.017278E-05  1.280721E-07  9.964296E-10  4.519222E-12
 2.782176E-09  1.546042E-07  1.000150E-06  6.910756E-06  4.229681E-05  2.024039E-04  5.430241E-04  8.510246E-04  9.879049E-04  3.027711E-04  1.629903E-03  2.575589E-03  4.135711E-03  2.672074E-03  1.226638E-03  2.233342E-04  8.389607E-06  1.056980E-07  8.404750E-10  4.104638E-12
 2.007562E-09  1.253249E-07  8.431503E-07  5.748666E-06  3.575242E-05  1.735731E-04  4.762592E-04  7.686239E-04  9.151691E-04  2.407644E-04  1.737358E-03  2.647527E-03  4.162001E-03  2.621240E-03  1.160391E-03  1.920737E-04  6.877452E-06  8.649970E-08  7.011058E-10  3.730602E-12
 1.603494E-09  9.833318E-08  6.938693E-07  4.676597E-06  2.975084E-05  1.464762E-04  4.122099E-04  6.868571E-04  8.411201E-04  2.127699E-04  1.816346E-03  2.736668E-03  4.178152E-03  2.562229E-03  1.082422E-03  1.628902E-04  5.561333E-06  6.938727E-08  5.658286E-10  3.211977E-12
 1.271324E-09  7.297661E-08  5.487234E-07  3.705668E-06  2.412595E-05  1.207951E-04  3.496605E-04  6.040563E-04  7.636656E-04  1.966911E-04  1.888007E-03  2.840691E-03  4.184125E-03  2.496139E-03  9.979866E-04  1.367491E-04  4.447200E-06  5.469178E-08  4.476525E-10  2.649889E-12
 1.023127E-09  5.085957E-08  4.138741E-07  2.851512E-06  1.896542E-05  9.693602E-05  2.897655E-04  5.206988E-04  6.827612E-04  1.912603E-04  1.951558E-03  2.959213E-03  4.176754E-03  2.422559E-03  9.095978E-04  1.137071E-04  3.517862E-06  4.242575E-08  3.489365E-10  2.144660E-12
 8.069499E-10  3.231638E-08  2.938106E-07  2.099553E-06  1.429443E-05  7.495085E-05  2.325763E-04  4.373020E-04  5.968754E-04  1.910378E-04  2.010954E-03  3.089139E-03  4.155751E-03  2.343737E-03  8.216584E-04  9.382270E-05  2.758892E-06  3.253597E-08  2.672036E-10  1.726789E-12
 5.904039E-10  1.831636E-08  1.944858E-07  1.453118E-06  1.020024E-05  5.522262E-05  1.790763E-04  3.548338E-04  5.079571E-04  1.890122E-04  2.067481E-03  3.225188E-03  4.117738E-03  2.259853E-03  7.355550E-04  7.673834E-05  2.138587E-06  2.443347E-08  1.956344E-10  1.273661E-12
 3.821467E-10  8.956368E-09  1.167233E-07  9.237233E-07  6.745709E-06  3.810149E-05  1.303554E-04  2.745663E-04  4.159912E-04  1.926893E-04  2.114505E-03  3.364160E-03  4.072373E-03  2.176983E-03  6.542274E-04  6.234357E-05  1.642161E-06  1.806282E-08  1.385388E-10  8.868795E-13
 2.401531E-10  3.855640E-09  6.176712E-08  5.189350E-07  3.970943E-06  2.377675E-05  8.726872E-05  1.980309E-04  3.213517E-04  1.866768E-04  2.158524E-03  3.492262E-03  4.021626E-03  2.093314E-03  5.770898E-04  5.018472E-05  1.244422E-06  1.306061E-08  9.487095E-11  5.867016E-13
 1.187840E-10  1.797720E-09  2.959449E-08  2.467411E-07  1.945902E-06  1.263912E-05  5.114961E-05  1.282033E-04  2.275440E-04  1.599245E-04  2.201021E-03  3.602548E-03  3.976398E-03  2.010307E-03  5.052823E-04  4.005798E-05  9.318762E-07  9.285303E-09  6.354702E-11  3.666967E-13
 5.378255E-11  1.157243E-09  1.460137E-08  1.083001E-07  8.170290E-07  5.632504E-06  2.553593E-05  7.191227E-05  1.427366E-04  8.979450E-05  2.232990E-03  3.694253E-03  3.944887E-03  1.929149E-03  4.396936E-04  3.171889E-05  6.892609E-07  6.470949E-09  4.137721E-11  2.166090E-13
 4.299228E-11  1.087859E-09  1.507955E-08  9.759576E-08  7.302865E-07  6.575880E-06  3.126869E-05  8.651327E-05  5.859021E-04  1.739147E-03  3.782490E-04  3.739866E-03  3.671529E-03  1.679876E-03  3.547416E-04  2.400196E-05  5.003710E-07  4.664911E-09  3.125142E-11  1.897234E-13
 1.598606E-10  1.886486E-09  1.586060E-08  9.120361E-08  6.720470E-07  7.924036E-06  3.828530E-05  1.783757E-04  9.072406E-04  1.594770E-03  2.466465E-04  3.678458E-03  3.444847E-03  1.542972E-03  3.206500E-04  2.227266E-05  5.518840E-07  7.773323E-09  8.433038E-11  6.667688E-13
 8.362189E-10  2.507007E-09  1.738407E-08  8.885219E-08  6.455935E-07  9.825213E-06  5.686277E-05  3.171485E-04  1.113386E-03  1.394422E-03  2.235854E-04  3.601272E-03  3.226369E-03  1.410022E-03  2.873803E-04  2.038642E-05  5.932386E-07  1.280172E-08  2.534757E-10  3.715601E-12
 2.286500E-09  3.415031E-09  1.881764E-08  9.021308E-08  6.670451E-07  1.329405E-05  9.340996E-05  4.764818E-04  1.234455E-03  1.209801E-03  2.251100E-04  3.510734E-03  3.014612E-03  1.281470E-03  2.553703E-04  1.839768E-05  6.154183E-07  1.857599E-08  5.680291E-10  1.350476E-11
 4.047512E-09  4.562252E-09  2.101681E-08  9.630601E-08  8.273417E-07  1.995401E-05  1.507422E-04  6.371965E-04  1.291737E-03  1.054734E-03  2.272534E-04  3.406258E-03  2.806686E-03  1.156848E-03  2.247212E-04  1.635487E-05  6.144360E-07  2.353934E-08  9.396008E-10  3.014104E-11
 6.745988E-09  5.455763E-09  2.350722E-08  1.084439E-07  1.260251E-06  3.202635E-05  2.290247E-04  7.859807E-04  1.302863E-03  9.251784E-04  2.285341E-04  3.292062E-03  2.604461E-03  1.037765E-03  1.959970E-04  1.435198E-05  5.934108E-07  2.683911E-08  1.258475E-09  4.851886E-11
 9.413808E-09  6.927327E-09  2.724965E-08  1.325394E-07  2.274589E-06  5.215528E-05  3.261416E-04  9.134836E-04  1.278794E-03  8.151941E-04  2.293686E-04  3.167049E-03  2.405726E-03  9.238744E-04  1.691653E-04  1.240486E-05  5.522896E-07  2.776744E-08  1.415922E-09  5.958084E-11
 1.352750E-08  7.778692E-09  3.321251E-08  1.813813E-07  4.433571E-06  8.311401E-05  4.375970E-04  1.012936E-03  1.229616E-03  7.209110E-04  2.294419E-04  3.031526E-03  2.210015E-03  8.155736E-04  1.443875E-04  1.055046E-05  4.965935E-07  2.673903E-08  1.429400E-09  6.316080E-11
 1.732715E-08  1.022499E-08  4.395264E-08  2.817834E-07  8.690809E-06  1.274138E-04  5.572690E-04  1.080989E-03  1.163689E-03  6.394976E-04  2.286713E-04  2.887044E-03  2.018226E-03  7.136771E-04  1.218463E-04  8.835226E-06  4.337877E-07  2.444668E-08  1.341962E-09  6.066348E-11
 2.200094E-08  1.402953E-08  6.441127E-08  4.856260E-07  1.648755E-05  1.868520E-04  6.780737E-04  1.116544E-03  1.087292E-03  5.683259E-04  2.271500E-04  2.734501E-03  1.831018E-03  6.186329E-04  1.015577E-04  7.269710E-06  3.665223E-07  2.111387E-08  1.164431E-09  5.267792E-11
 2.946467E-08  1.925510E-08  1.045712E-07  8.898475E-07  2.996363E-05  2.621953E-04  7.905871E-04  1.119574E-03  1.004155E-03  5.046469E-04  2.246768E-04  2.571820E-03  1.647118E-03  5.301078E-04  8.340787E-05  5.862845E-06  2.994577E-07  1.731492E-08  9.451228E-10  4.214223E-11
 3.887684E-08  3.086532E-08  1.841842E-07  1.673377E-06  5.200064E-05  3.535425E-04  8.847658E-04  1.096051E-03  9.198775E-04  4.486912E-04  2.207895E-04  2.404553E-03  1.470664E-03  4.495283E-04  6.755408E-05  4.637601E-06  2.369808E-07  1.354301E-08  7.228265E-10  3.161585E-11
 5.434714E-08  5.265700E-08  3.388412E-07  3.503657E-06  8.587998E-05  4.567410E-04  9.525622E-04  1.048430E-03  8.355785E-04  3.971261E-04  2.162396E-04  2.229840E-03  1.299824E-03  3.760452E-04  5.376905E-05  3.585297E-06  1.811429E-07  1.007359E-08  5.169406E-10  2.164546E-11
 8.127354E-08  9.411388E-08  6.403510E-07  7.814446E-06  1.341536E-04  5.654260E-04  9.896667E-04  9.827714E-04  7.542619E-04  3.505394E-04  2.101897E-04  2.051666E-03  1.137316E-03  3.102992E-04  4.204557E-05  2.708852E-06  1.340311E-07  7.177990E-09  3.504841E-10  1.380888E-11
 1.291597E-07  1.731714E-07  1.219049E-06  1.651765E-05  1.987576E-04  6.702245E-04  9.925408E-04  9.031726E-04  6.760710E-04  3.069412E-04  2.031462E-04  1.868883E-03  9.825570E-04  2.517686E-04  3.218230E-05  1.992080E-06  9.566520E-08  4.878273E-09  2.232129E-10  8.065964E-12
 2.174940E-07  3.225334E-07  2.297834E-06  3.250164E-05  2.792030E-04  7.599674E-04  9.619805E-04  8.152223E-04  6.020337E-04  2.668527E-04  1.944238E-04  1.683878E-03  8.371134E-04  2.005576E-04  2.406860E-05  1.423308E-06  6.582965E-08  3.172629E-09  1.355231E-10  4.496767E-12
 3.798568E-07  5.996901E-07  4.247592E-06  5.978376E-05  3.736374E-04  8.198053E-04  9.045290E-04  7.243889E-04  5.329138E-04  2.301259E-04  1.843033E-04  1.499698E-03  7.025169E-04  1.566114E-04  1.755317E-05  9.863016E-07  4.370397E-08  1.986552E-09  7.968649E-11  2.462949E-12
 6.716496E-07  1.104421E-06  7.721797E-06  1.034797E-04  4.724420E-04  8.414172E-04  8.265842E-04  6.343905E-04  4.684187E-04  1.962063E-04  1.731612E-04  1.317723E-03  5.791639E-04  1.194815E-04  1.243400E-05  6.600705E-07  2.787064E-08  1.190493E-09  4.465029E-11  1.267701E-12
 1.185811E-06  2.013342E-06  1.567708E-05  1.641570E-04  5.622107E-04  8.228259E-04  7.350786E-04  5.481295E-04  4.083332E-04  1.652944E-04  1.609290E-04  1.139746E-03  4.675830E-04  8.868836E-05  8.507712E-06  4.232890E-07  1.685455E-08  6.664816E-10  2.286674E-11  5.775652E-13
 2.066578E-06  3.707070E-06  3.199931E-05  2.386317E-04  6.276623E-04  7.692043E-04  6.380631E-04  4.681331E-04  3.529477E-04  1.379583E-04  1.478719E-04  9.690110E-04  3.686368E-04  6.377438E-05  5.588269E-06  2.578804E-07  9.560988E-09  3.452971E-10  1.063315E-11  2.329585E-13
 3.560009E-06  6.812625E-06  6.101462E-05  3.205680E-04  6.532918E-04  6.926944E-04  5.425471E-04  3.958959E-04  3.026930E-04  1.141049E-04  1.350666E-04  8.082624E-04  2.825209E-04  4.409577E-05  3.484584E-06  1.469772E-07  4.989802E-09  1.618070E-10  4.335670E-12  7.815081E-14
 5.984603E-06  1.240996E-05  1.048309E-04  3.940963E-04  6.372296E-04  6.014749E-04  4.518757E-04  3.308453E-04  2.570280E-04  9.284366E-05  1.237168E-04  6.565431E-04  2.077789E-04  2.873317E-05  2.004055E-06  7.536784E-08  2.279452E-09  6.398673E-11  1.403719E-12  1.905831E-14
 9.602887E-06  2.464932E-05  1.576287E-04  4.409502E-04  5.875065E-04  5.052835E-04  3.696094E-04  2.733616E-04  2.166883E-04  7.565689E-05  1.144240E-04  5.146083E-04  1.437081E-04  1.703167E-05  1.005610E-06  3.205556E-08  8.162100E-10  1.791826E-11  2.819706E-13  2.495221E-15
 1.343289E-05  4.347040E-05  2.103309E-04  4.554018E-04  5.196269E-04  4.155280E-04  2.998579E-04  2.252688E-04  1.841564E-04  6.423691E-05  1.111749E-04  3.833827E-04  8.930529E-05  8.367811E-06  3.720158E-07  8.620829E-09  1.409279E-10  1.479171E-12  3.074523E-15  6.905630E-19
 7.228594E-06  6.317959E-05  2.581626E-04  4.427440E-04  4.410647E-04  3.325972E-04  2.391670E-04  1.839440E-04  1.597051E-04  5.379025E-05  1.259022E-04  2.464239E-04  3.897957E-05  1.829743E-06  1.604054E-08  6.263674E-11  3.556305E-13  2.154015E-16  1.019590E-22  0.000000E+00
 3.768792E-04  1.260258E-03  3.107429E-04  4.394073E-06  1.807372E-04  2.291548E-05  1.710124E-05  1.580863E-05  4.750831E-07  1.068728E-06  4.731336E-09  1.005197E-08  4.823122E-11  3.334267E-11  2.308388E-13  1.470961E-13  3.384751E-16  5.735662E-17  2.870096E-21  9.159734E-25
