 -4.248500  -4.051022  -3.690224  -3.223390  -2.671217  -2.045506  -1.354271  -0.603448   0.202406   1.059655   1.075438   1.187334   1.391899   1.656755   1.970331   2.325932   2.719030   3.146313   3.605219   4.093673
 -5.819627  -5.563182  -5.094686  -4.489038  -3.772952  -2.962119  -2.066785  -1.094593  -0.051502   1.057865   1.073647   1.297802   1.707564   2.238028   2.865985   3.578034   4.365121   5.220601   6.139321   7.117144
 -7.936060  -7.599466  -6.984899  -6.191334  -5.253927  -4.193671  -3.024093  -1.754939  -0.393767   1.053278   1.069059   1.405463   2.020376   2.816353   3.758563   4.826865   6.007667   7.291031   8.669285  10.136264
-10.826601 -10.379934  -9.564149  -8.510087  -7.268423  -5.866330  -4.322790  -2.649953  -0.857182   1.047658   1.063441   1.512138   2.332230   3.393691   4.650056   6.074511   7.649016   9.360361  11.198336  13.154742
-14.783098 -14.200533 -13.122144 -11.714464 -10.051822  -8.170172  -6.107225  -3.877447  -1.491898   1.041003   1.056788   1.617806   2.643045   3.969919   5.540449   7.321183   9.289605  11.429224  13.727280  16.173515
-18.808571 -18.112136 -16.837758 -15.173050 -13.110434 -10.686100  -8.044357  -5.206858  -2.179244   1.033502   1.049286   1.722564   2.952917   4.545303   6.430181   8.567453  10.930118  13.498389  16.256954  19.193494
-18.530050 -17.843930 -16.588054 -14.944787 -12.897035 -10.512083  -7.914133  -5.121713  -2.140176   1.024860   1.040645   1.826226   3.261789   5.119850   7.319324   9.813452  12.570736  15.568087  18.787629  22.214979
-18.236233 -17.560980 -16.324550 -14.703650 -12.673699 -10.330651  -7.778414  -5.032954  -2.099627   1.015293   1.031081   1.929025   3.569931   5.693882   8.208251  11.059599  14.211926  17.638827  21.319857  25.238560
-17.927667 -17.263830 -16.047724 -14.449995 -12.441233 -10.142157  -7.637386  -4.940669  -2.057614   1.004860   1.020650   2.031037   3.877451   6.267554   9.097157  12.306133  15.853966  19.710928  23.853993  28.264630
-17.605420 -16.953505 -15.758473 -14.184535 -12.200540  -9.947181  -7.491410  -4.845062  -2.014197   0.993660   1.009453   2.132377   4.184495   6.841046   9.986257  13.553304  17.497140  21.784704  26.390383  31.293562
-17.268787 -16.629320 -15.456180 -13.906518 -11.951206  -9.745352  -7.340155  -4.745908  -1.969285   0.981652   0.997449   2.233022   4.491075   7.414409  10.875647  14.801252  19.141634  23.860389  28.929307  34.325681
-16.918678 -16.292149 -15.141562 -13.616357 -11.693832  -9.537150  -7.183925  -4.643390  -1.922934   0.968922   0.984724   2.333076   4.797327   7.987817  11.765546  16.050240  20.787755  25.938333  31.471157  37.361425
-16.556293 -15.943151 -14.815703 -13.314562 -11.429242  -9.323216  -7.023149  -4.537780  -1.875250   0.955552   0.971360   2.432635   5.103371   8.561425  12.656138  17.300485  22.435752  28.018814  34.016242  40.401133
-16.182579 -15.583201 -14.479502 -13.001651 -11.158119  -9.103953  -6.858056  -4.429189  -1.826216   0.941703   0.957517   2.531877   5.409413   9.135469  13.547698  18.552300  24.085976  30.102227  36.565000  43.445285
-15.792213 -15.207177 -14.128066 -12.673632 -10.876992  -8.876514  -6.686592  -4.316445  -1.775586   0.926660   0.942481   2.630081   5.714724   9.709214  14.439485  19.804946  25.737698  32.187848  39.116715  46.493176
-15.391561 -14.821202 -13.767073 -12.336391 -10.590196  -8.644252  -6.511225  -4.201076  -1.723855   0.911029   0.926858   2.727880   6.019987  10.283407  15.332319  21.059317  27.391884  34.276722  41.672506  49.545994
-14.979996 -14.424664 -13.395949 -11.990903 -10.297347  -8.406710  -6.331626  -4.082891  -1.670963   0.894744   0.910581   2.825222   6.325177  10.858062  16.226264  22.315536  29.048722  36.369100  44.232689  52.604116
-14.557859 -14.017876 -13.015036 -11.638608  -9.998676  -8.164034  -6.147961  -3.962053  -1.617048   0.877707   0.893553   2.922018   6.630225  11.433142  17.121323  23.573655  30.708312  38.465127  46.797447  55.667757
-14.127685 -13.603217 -12.626426 -11.281957  -9.695790  -7.917536  -5.961254  -3.839247  -1.562412   0.860031   0.875887   3.018397   6.935295  12.008861  18.017771  24.834005  32.371037  40.565230  49.367237  58.737391
-13.691720 -13.182815 -12.232010 -10.922831  -9.390132  -7.668371  -5.772363  -3.714992  -1.507196   0.841977   0.857843   3.114655   7.240746  12.585663  18.916144  26.097217  34.037619  42.670210  51.942929  61.813945
-13.247748 -12.754517 -11.829612 -10.559353  -9.080115  -7.415307  -5.580447  -3.588835  -1.451350   0.823177   0.839054   3.210421   7.546213  13.163203  19.816126  27.363004  35.707785  44.779791  54.524228  64.897088
-12.798824 -12.321197 -11.421530 -10.193662  -8.767690  -7.159956  -5.386712  -3.461516  -1.395106   0.803944   0.819832   3.306057   7.852146  13.742051  20.718413  28.632173  37.382434  46.894948  57.112165  67.987892
-12.344576 -11.882444 -11.007151  -9.825278  -8.452473  -6.902035  -5.190963  -3.332919  -1.338419   0.784243   0.800145   3.401559   8.158608  14.322357  21.623246  29.905043  39.061942  49.016091  59.707164  71.086781
-11.883594 -11.437154 -10.585829  -9.453104  -8.133523  -6.640872  -4.992787  -3.202876  -1.281376   0.763731   0.779646   3.496578   8.465256  14.903799  22.530307  31.181265  40.745888  51.142688  62.308560  74.192937
-11.419708 -10.988817 -10.162076  -9.080002  -7.813267  -6.378475  -4.793660  -3.072273  -1.224230   0.742819   0.758749   3.591605   8.772707  15.487138  23.440471  32.461778  42.435231  53.275689  64.917275  77.307254
-10.948992 -10.533801  -9.734368  -8.702796  -7.488938  -6.112604  -4.591907  -2.940039  -1.166559   0.721236   0.737181   3.686389   9.080775  16.072288  24.353740  33.746637  44.130048  55.415179  67.533403  80.429850
-10.470138 -10.071023  -9.302568  -8.320241  -7.159578  -5.842537  -4.387046  -2.805944  -1.108393   0.698688   0.714650   3.780631   9.389212  16.659081  25.269979  35.035671  45.830082  57.560789  70.156469  83.560173
 -9.987634  -9.604833  -8.870290  -7.935622  -6.828160  -5.570738  -4.180941  -2.671179  -1.050187   0.675506   0.691485   3.874758   9.698652  17.248360  26.190136  36.329829  47.536221  59.713337  72.787251  86.699019
 -9.502778  -9.136581  -8.437890  -7.549802  -6.495531  -5.297940  -3.974165  -2.536137  -0.992137   0.651712   0.667710   3.968874  10.009372  17.840517  27.114555  37.629278  49.248419  61.872586  75.425386  89.845993
 -9.015161  -8.666037  -8.004402  -7.162377  -6.161399  -5.023921  -3.766530  -2.400674  -0.934150   0.627346   0.643365   4.063140  10.321792  18.436121  28.043752  38.934391  50.966921  64.038740  78.071166  93.001611
 -8.522928  -8.191587  -7.567869  -6.771861  -5.824549  -4.747738  -3.557378  -2.264434  -0.876207   0.602069   0.618110   4.157255  10.635738  19.034872  28.977035  40.244024  52.690200  66.210029  80.722728  96.164059
 -8.027154  -7.714049  -7.128908  -6.378974  -5.485660  -4.469955  -3.347144  -2.127667  -0.818378   0.575989   0.592055   4.251496  10.951790  19.637253  29.914529  41.557984  54.417928  68.386214  83.380123  99.333817
 -7.526860  -7.232488  -6.686514  -5.982915  -5.144063  -4.190014  -3.135370  -1.990035  -0.760413   0.549198   0.565291   4.346168  11.270615  20.243728  30.856372  42.876323  56.150400  70.568122  86.044914 102.513282
 -7.020667  -6.745853  -6.239361  -5.582634  -4.798907  -3.907257  -2.921619  -1.851361  -0.702399   0.521306   0.537429   4.440839  11.591687  20.852874  31.800297  44.196317  57.884805  72.753102  88.714706 105.700278
 -6.511391  -6.256816  -5.789817  -5.180336  -4.452076  -3.623193  -2.707007  -1.712354  -0.644639   0.492524   0.508680   4.535874  11.915530  21.464560  32.745956  45.517986  59.621959  74.942970  91.392320 108.898537
 -6.011818  -5.777683  -5.349017  -4.786063  -4.112300  -3.345043  -2.497018  -1.576553  -0.588505   0.463767   0.479960   4.632868  12.243488  22.078971  33.693045  46.841206  61.362259  77.138654  94.079040 112.109495
 -5.517856  -5.304684  -4.913309  -4.396622  -3.776841  -3.070533  -2.289906  -1.442789  -0.533448   0.434953   0.451190   4.732377  12.574865  22.694255  34.640144  48.165829  63.106990  79.342674  96.778379 115.337516
 -5.031230  -4.839064  -4.484140  -4.013414  -3.446983  -2.800749  -2.086511  -1.311609  -0.479662   0.406262   0.422555   4.835546  12.907913  23.307774  35.585583  49.491557  64.856891  81.556370  99.492018 118.584524
 -4.550506  -4.378906  -4.060118  -3.635378  -3.121947  -2.535104  -1.886378  -1.182693  -0.427024   0.377618   0.393980   4.942855  13.238518  23.915951  36.527779  50.818324  66.612656  83.780778 102.221202 121.851949
 -4.077910  -3.925779  -3.642881  -3.264215  -2.803443  -2.275102  -1.690564  -1.056469  -0.375490   0.349488   0.365937   5.053358  13.561887  24.517200  37.467890  52.148634  68.377432  86.019529 104.970056 125.144459
 -3.614171  -3.480188  -3.232451  -2.900236  -2.492387  -2.021830  -1.499665  -0.932793  -0.324323   0.322812   0.339364   5.159382  13.871469  25.109074  38.404344  53.480240  70.147933  88.268229 107.733054 128.455366
 -3.160164  -3.043262  -2.828748  -2.543082  -2.189754  -1.776598  -1.313747  -0.809610  -0.270264   0.300755   0.317411   5.249119  14.168966  25.698920  39.347061  54.825566  71.939496  90.545515 110.532458 131.810841
 -2.716914  -2.616470  -2.432711  -2.191792  -1.895689  -1.541159  -1.131450  -0.687017  -0.218501   0.270789   0.287337   5.312017  14.454297  26.284501  40.290829  56.176580  73.741280  92.837644 113.351491 135.190931
 -2.285507  -2.200858  -2.046076  -1.845145  -1.602645  -1.312978  -0.974947  -0.607592  -0.215264   0.199301   0.199302   5.344958  14.723502  26.861134  41.231962  57.531401  75.553671  95.147603 116.196012 138.604594
 -2.205065  -2.123395  -1.974061  -1.780051  -1.545229  -1.263445  -0.936186  -0.580857  -0.201408   0.199591   0.199592   5.359218  14.763316  26.934565  41.345451  57.690453  75.763172  95.411991 116.519386 138.990780
 -2.123992  -2.045325  -1.901475  -1.714415  -1.487268  -1.213349  -0.897102  -0.553893  -0.187412   0.199918   0.199920   5.178971  14.254219  25.999998  39.907211  55.680992  73.122137  92.084321 112.454118 134.140255
 -2.042284  -1.966643  -1.828324  -1.648228  -1.428753  -1.162786  -0.857708  -0.526712  -0.173300   0.200253   0.200255   4.998809  13.745404  25.065973  38.469821  53.672725  70.482678  88.758637 108.391278 129.292628
 -1.959936  -1.887345  -1.754592  -1.581480  -1.369672  -1.111832  -0.818026  -0.499343  -0.159110   0.200541   0.200543   4.818569  13.236519  24.131898  37.032399  51.664447  67.843227  85.432981 104.328488 124.445070
 -1.876945  -1.807427  -1.680285  -1.514158  -1.310008  -1.060506  -0.778041  -0.471768  -0.144823   0.200805   0.200807   4.638347  12.727791  23.198165  35.595539  49.656974  65.204847  82.108686 100.267366 119.599511
 -1.793306  -1.726885  -1.605391  -1.446250  -1.249753  -1.008858  -0.737839  -0.444117  -0.130616   0.200822   0.200824   4.457458  12.217711  22.262204  34.155409  47.645048  62.560702  78.777197  96.197516 114.743588
 -1.709015  -1.645716  -1.529907  -1.377742  -1.188869  -0.956826  -0.697311  -0.416232  -0.116278   0.200858   0.200860   4.276791  11.708283  21.327449  32.717135  45.635711  59.919955  75.449984  92.132882 109.893883
 -1.624071  -1.563918  -1.453825  -1.308619  -1.127333  -0.904437  -0.656534  -0.388235  -0.101974   0.200706   0.200708   4.095730  11.198151  20.391591  31.277279  43.624243  57.276469  72.119368  88.064133 105.039302
 -1.538470  -1.481486  -1.377139  -1.238866  -1.065098  -0.851691  -0.615545  -0.360183  -0.087777   0.200280   0.200282   3.914062  10.686867  19.453872  29.834718  41.609108  54.628246  68.782853  83.988234 100.176241
 -1.452210  -1.398420  -1.299849  -1.168463  -1.002089  -0.798560  -0.574328  -0.332052  -0.073647   0.199635   0.199637   3.732039  10.175016  18.515306  28.390967  39.592389  51.978003  65.443840  79.909324  95.309621
 -1.365291  -1.314721  -1.221933  -1.097392  -0.938227  -0.745035  -0.532893  -0.303847  -0.059589   0.198773   0.198774   3.549748   9.662819  17.576278  26.946609  37.574893  49.326792  62.103651  75.829013  90.441361
 -1.277715  -1.230388  -1.143391  -1.025652  -0.873549  -0.691262  -0.491443  -0.275840  -0.045938   0.197292   0.197294   3.366027   9.147716  16.632420  25.495132  35.547678  46.662985  58.747737  71.729615  85.550434
 -1.189484  -1.145423  -1.064207  -0.953215  -0.808236  -0.637129  -0.449767  -0.247725  -0.032290   0.195706   0.195707   3.182607   8.633596  15.690404  24.046505  33.524451  44.004422  55.398430  67.638289  80.669138
 -1.100605  -1.059834  -0.984363  -0.880077  -0.742539  -0.582837  -0.408147  -0.219873  -0.019096   0.193483   0.193485   2.997931   8.117019  14.744355  22.591968  31.493183  41.335458  52.036157  63.531242  75.769186
 -1.011086  -0.973628  -0.903839  -0.806179  -0.676500  -0.528334  -0.366487  -0.192127  -0.006126   0.190930   0.190932   2.813092   7.600468  13.798550  21.137927  29.462691  38.667581  48.675306  59.425975  70.871397
 -0.920943  -0.886817  -0.822615  -0.731425  -0.610225  -0.473826  -0.325067  -0.164813   0.006252   0.187622   0.187623   2.626886   7.081305  12.848498  19.677695  27.423799  35.988859  45.300953  55.304350  65.954210
 -0.830198  -0.799417  -0.740659  -0.655598  -0.543747  -0.419435  -0.283991  -0.137995   0.018003   0.183538   0.183540   2.439410   6.559820  11.894738  18.212103  25.377673  33.300828  41.915035  51.168737  61.020454
 -0.738883  -0.711451  -0.657957  -0.578539  -0.477162  -0.365266  -0.243284  -0.111629   0.029213   0.178791   0.178793   2.251243   6.037434  10.939775  16.744945  23.329564  30.610352  38.526168  47.029634  56.082633
 -0.647045  -0.622928  -0.574529  -0.500781  -0.410784  -0.311536  -0.203102  -0.085854   0.039730   0.173199   0.173201   2.062143   5.513785   9.983092  15.275517  21.278557  27.916283  35.132951  42.885368  51.138783
 -0.554748  -0.533845  -0.490267  -0.423164  -0.344956  -0.258446  -0.163583  -0.060812   0.049376   0.166556   0.166558   1.871989   4.988898   9.024897  13.804241  19.225319  25.219558  31.736616  38.737487  46.190787
 -0.462092  -0.444171  -0.404682  -0.346130  -0.279886  -0.205997  -0.124669  -0.036435   0.058245   0.158977   0.158979   1.682144   4.466404   8.071753  12.341152  17.183821  22.538500  28.360218  34.614129  41.272198
 -0.369216  -0.354020  -0.318245  -0.270152  -0.215563  -0.154057  -0.086212  -0.012530   0.066575   0.150764   0.150767   1.495663   3.954376   7.138230  10.908514  15.185053  19.913749  25.054886  30.577692  36.457410
 -0.276314  -0.262998  -0.232758  -0.195598  -0.152085  -0.102894  -0.048572   0.010454   0.073842   0.141314   0.141316   1.315114   3.461194   6.240230   9.531136  13.263933  17.391398  21.878865  26.699474  31.831615
 -0.183620  -0.171762  -0.149867  -0.122113  -0.089500  -0.052628  -0.011904   0.032344   0.079861   0.130437   0.130440   1.153538   3.024101   5.446345   8.314745  11.568305  15.165863  19.077205  23.278918  27.752167
 -0.091413  -0.084046  -0.068293  -0.049201  -0.027250  -0.002510   0.024769   0.054386   0.086175   0.120003   0.120006   1.089865   2.862917   5.158915   7.877819  10.961808  14.371868  18.079357  22.062084  26.302194
  0.000001   0.031929   0.127714   0.287356   0.510854   0.798208   1.149419   1.564487   2.043411   2.586192   3.192829   3.863323   4.597673   5.395881   6.257944   7.183865   8.173641   9.227274  10.344765  11.526111
