00  0.00
01  0.00
02  0.00
03  0.00
04  0.00
05  0.00
06  0.00
07  0.00
08  0.00
09  0.00
10  0.00
11  0.00
12  0.00
13  0.00
14  0.00
15  0.00
16  0.00
17  0.00
18  0.00
19  0.00
20  38020.0502900105
21  39868.7735694745
22  41807.3909373988
23  43840.2734898959
24  45972.0048674353
25  48207.3915898035
26  50551.4738936011
27  52805.4627912196
28  54977.937107622
29  57041.0113687599
30  59019.2872950267
31  60869.5459313877
32  62634.3889440857
33  64254.7141384238
34  65776.2925448759
35  67125.504858665
36  68375.7202948515
37  69418.7839123186
38  70417.9944767616
39  71212.8824514185
40  71886.8019997158
41  72432.5912394568
42  72834.5790155432
43  73143.7917803856
44  73277.2905447446
45  73328.4789701203
46  73236.3117845518
47  73077.1856065742
48  72815.5975827545
49  72440.0532869126
50  71978.983414379
51  71390.5617997147
52  70806.6433085658
53  70066.5302073538
54  69385.4792545728
55  68526.9685074491
56  67708.3862825856
57  66830.6968767855
58  65892.7820305409
59  64968.4214993351
60  63997.2192068362
61  63040.5352583448
62  62098.1526215142
63  61169.8575083787
64  60255.4393268538
65  59354.6906329615
66  58005.7203913032
67  56656.750149645
68  55307.7799079868
69  53958.8096663286
70  52609.8394246704
71  51260.8691830122
72  49911.898941354
73  48562.9286996957
74  47213.9584580375
75  45864.9882163793
76  44516.0179747211
77  43167.0477330629
78  41818.0774914047
79  40469.1072497465
80  39120.1370080882
81  37771.16676643
82  36422.1965247718
83  35073.2262831136
84  33724.2560414554
85  32375.2857997972
86  31026.3155581389
87  29677.3453164807
88  28328.3750748225
89  26979.4048331643
90  25630.4345915061
91  24281.4643498479
92  22932.4941081897
93  21583.5238665314
94  20234.5536248732
95  18885.583383215
96  17536.6131415568
97  16187.6428998986
98  14838.6726582404
99  13489.7024165822
100 12140.7321749239
101 10791.7619332657
102 9442.7916916075
103 8093.8214499493
104 6744.8512082911
105 5395.8809666329
106 4046.9107249747
107 2697.9404833164
108 1348.9702416582
109 0
110 0
