00	00.00
01	00.00
02	00.00
03	00.00
04	00.00
05	00.00
06	00.00
07	00.00
08	00.00
09	00.00
10	00.00
11	00.00
12	00.00
13	00.00
14	00.00
15	00.00
16	00.00
17	00.00
18	00.00
19	00.00
20	67.58
21	71.27
22	74.97
23	78.658862
24	82.35
25	85.95
26	89.44
27	92.89
28	95.80
29	98.56
30	101.05
31	103.69
32	106.10
33	108.21
34	110.08
35	113.21
36	114.82
37	116.58
38	118.25
39	119.33
40	119.86
41	120.91
42	121.23
43	121.64
44	122.35
45	122.18
46	122.93
47	123.99
48	124.00
49	123.71
50	123.51
51	123.75
52	123.77
53	124.04
54	124.68
55	124.71
56	121.75637
57	119.82481
58	117.55488
59	115.72195
60	113.49865
61	111.27535
62	109.05205
63	106.82875
64	104.60545
65	102.38215
66	100.15885
67	97.93555
68	95.71225
69	93.48895
70	91.26565
71	89.04235
72	86.81905
73	84.59575
74	82.37245
75	80.14915
76	77.92585
77	75.70255
78	73.47925
79	71.25595
80	69.03265
81	67.00000
82	65.00000
83	63.00000
84	62.00000
85	60.00000
86  56.00000
87  50.00000
88  45.00000
89  35.00000
90  20.00000