  -4.60398   -4.46519   -4.21143   -3.88282   -3.49369   -3.05230   -2.56425   -2.03362   -1.46361   -0.85675   -0.21517    0.45934    1.16525    1.90123    2.66609    3.45877    4.27834    5.12393    5.99478    6.89017
  -5.99892   -5.81685   -5.48394   -5.05285   -4.54235   -3.96330   -3.32303   -2.62691   -1.87911   -1.08299   -0.24132    0.64357    1.56965    2.53516    3.53856    4.57847    5.65365    6.76297    7.90542    9.08006
  -7.90256   -7.67106   -7.24778   -6.69965   -6.05057   -5.31432   -4.50023   -3.61514   -2.66434   -1.65209   -0.58192    0.54319    1.72067    2.94830    4.22409    5.54631    6.91337    8.32384    9.77644   11.26996
 -10.54237  -10.25256   -9.72265   -9.03645   -8.22385   -7.30214   -6.28297   -5.17492   -3.98460   -2.71736   -1.37761    0.03092    1.50502    3.04190    4.63908    6.29437    8.00581    9.77159   11.59011   13.45986
 -14.26173  -13.90057  -13.24020  -12.38506  -11.37240  -10.22377   -8.95369   -7.57283   -6.08947   -4.51023   -2.84064   -1.08534    0.75168    2.66693    4.65733    6.72015    8.85293   11.05345   13.31967   15.64976
 -18.19276  -17.75769  -16.96219  -15.93205  -14.71217  -13.32849  -11.79851  -10.13508   -8.34817   -6.44577   -4.43452   -2.32002   -0.10708    2.20009    4.59780    7.08275    9.65196   12.30278   15.03276   17.83965
 -17.89903  -17.44106  -16.60370  -15.51935  -14.23528  -12.77878  -11.16829   -9.41732   -7.53637   -5.53386   -3.41677   -1.19100    1.13839    3.56698    6.09086    8.70657   11.41100   14.20131   17.07494   20.02955
 -17.59024  -17.10956  -16.23067  -15.09254  -13.74478  -12.21605  -10.52568   -8.68788   -6.71364   -4.61181   -2.38972   -0.05356    2.39136    4.94039    7.58945   10.33490   13.17345   16.10215   19.11831   22.21945
 -17.26697  -16.76375  -15.84364  -14.65215  -13.24120  -11.64078   -9.87116   -7.94718   -5.88037   -3.67999   -1.35372    1.09199    3.65154    6.32010    9.09337   11.96754   14.93919   18.00521   21.16280   24.40935
 -16.93024  -16.40464  -15.44363  -14.19916  -12.72546  -11.05388   -9.20557   -7.19604   -5.03733   -2.73911   -0.30939    2.24506    4.91843    7.70564   10.60223   13.60420   16.70799   19.91034   23.20833   26.59924
 -16.57942  -16.03161  -15.02999  -13.73295  -12.19699  -10.45479   -8.52839   -6.43396   -4.18404   -1.78873    0.74364    3.40602    6.19233    9.09731   12.11627   15.24508   18.47999   21.81764   25.25496   28.78914
 -16.21540  -15.64555  -14.60362  -13.25437  -11.65660   -9.84428   -7.84035   -5.66163   -3.32117   -0.82945    1.80484    4.57436    7.47281   10.49470   13.63516   16.88989   20.25499   23.72697   27.30263   30.97904
 -15.83936  -15.24761  -14.16563  -12.76453  -11.10535   -9.22338   -7.14243   -4.87997   -2.44956    0.13793    2.87346    5.74943    8.75928   11.89731   15.15847   18.53829   22.03272   25.63814   29.35123   33.16894
 -15.45223  -14.83871  -13.71693  -12.26429  -10.54408   -8.59288   -6.43538   -4.08970   -1.56988    1.11278    3.94894    6.93070   10.05127   13.30473   16.68585   20.19000   23.81298   27.55102   31.40069   35.35884
 -15.04894  -14.41385  -13.25263  -11.74891   -9.96821   -7.94840   -5.71504   -3.28688   -0.67846    2.09853    5.03441    8.12101   11.35131   14.71916   18.21917   21.84653   25.59690   29.46638   33.45141   37.54873
 -14.63567  -13.97913  -12.77869  -11.22417   -9.38333   -7.29530   -4.98650   -2.47632    0.22020    3.09099    6.12605    9.31691   12.65631   16.13793   19.75616   23.50604   27.38309   31.38327   35.50291   39.73863
 -14.21184  -13.53397  -12.29454  -10.68953   -8.78890   -6.63305   -4.24926   -1.65755    1.12655    4.09059    7.22422   10.51872   13.96659   17.56128   21.29704   25.16871   29.17169   33.30179   37.55524   41.92853
 -13.77783  -13.07876  -11.80056  -10.14536   -8.18527   -5.96200   -3.50365   -0.83089    2.04030    5.09704    8.32868   11.72622   15.28193   18.98905   22.84165   26.83442   30.96259   35.22187   39.60835   44.11843
 -13.33605  -12.61588  -11.29909   -9.59391   -7.57464   -5.28423   -2.75166    0.00181    2.95969    6.10872    9.43794   12.93806   16.60113   20.42019   24.38911   28.50244   32.75526   37.14315   41.66207   46.30833
 -12.88873  -12.14751  -10.79225   -9.03725   -6.95899   -4.60167   -1.99510    0.83881    3.88311    7.12414   10.55062   14.15301   17.92310   21.85374   25.93861   30.17212   34.54919   39.06527   43.71622   48.49822
 -12.43375  -11.67159  -10.27802   -8.47343   -6.33643   -3.91248   -1.23225    1.68175    4.81209    8.14472   11.66805   15.37224   19.24888   23.29061   27.49093   31.84408   36.34486   40.98858   45.77097   50.68812
 -11.97407  -11.19102   -9.75925   -7.90519   -5.70961   -3.21922   -0.46553    2.52835    5.74449    9.16848   12.78838   16.59411   20.57701   24.72952   29.04498   33.51745   38.14160   42.91260   47.82609   52.87802
 -11.50930  -10.70541   -9.23556   -7.33218   -5.07820   -2.52156    0.30538    3.37890    6.68060   10.19566   13.91185   17.81882   21.90767   26.17065   30.60090   35.19234   39.93949   44.83741   49.88160   55.06792
 -11.03823  -10.21359   -8.70579   -6.75326   -4.44110   -1.81846    1.08148    4.23435    7.62128   11.22709   15.03922   19.04706   23.24147   27.61450   32.15913   36.86911   41.73882   46.76319   51.93760   57.25781
 -10.56440   -9.71904   -8.17335   -6.17177   -3.80150   -1.11296    1.85984    5.09193    8.56396   12.26038   16.16830   20.27684   24.57664   29.05955   33.71837   38.54670   43.53877   48.68939   53.99382   59.44771
 -10.08409   -9.21809   -7.63466   -5.58420   -3.15605   -0.40187    2.64352    5.95454    9.51136   13.29803   17.30138   21.51024   25.91504   30.50742   35.28000   40.22623   45.34020   50.61659   56.05054   61.63761
  -9.59612   -8.70957   -7.08857   -4.98945   -2.50369    0.31586    3.43351    6.82309   10.46431   14.34085   18.43919   22.74793   27.25725   31.95861   36.84444   41.90804   47.14337   52.54496   58.10786   63.82750
  -9.10480   -8.19774   -6.53924   -4.39156   -1.84829    1.03648    4.22626    7.69426   11.41971   15.38592   19.57908   23.98750   28.60114   33.41125   38.41011   43.59086   48.94729   54.47385   60.16544   66.01740
  -8.61137   -7.68382   -5.98787   -3.79169   -1.19098    1.75893    5.02075    8.56706   12.37665   16.43243   20.72028   25.22825   29.94607   34.86482   39.97657   45.27430   50.75170   56.40306   62.22318   68.20730
  -8.11548   -7.16748   -5.43413   -3.18952   -0.53147    2.48351    5.81725    9.44176   13.33536   17.48058   21.86298   26.47036   31.29223   36.31944   41.54391   46.95848   52.55667   58.33265   64.28112   70.39720
  -7.61546   -6.64705   -4.87639   -2.58347    0.13180    3.21166    6.61716   10.31969   14.29709   18.53153   23.00825   27.71480   32.64045   37.77587   43.11279   48.64389   54.36257   60.26288   66.33938   72.58710
  -7.11230   -6.12353   -4.31563   -1.97449    0.79788    3.94252    7.41964   11.20003   15.26108   19.58458   24.15546   28.96099   33.99023   39.23365   44.68281   50.33024   56.16919   62.19358   68.39788   74.77699
  -6.60520   -5.59611   -3.75106   -1.36180    1.46754    4.67679    8.22536   12.08345   16.22795   20.64029   25.30510   30.20938   35.34197   40.69314   46.25428   52.01776   57.97670   64.12489   70.45669   76.96689
  -6.09293   -5.06358   -3.18149   -0.74428    2.14186    5.41554    9.03534   12.97087   17.19857   21.69949   26.45794   31.46067   36.69629   42.15488   47.82766   53.70683   59.78539   66.05700   72.51590   79.15679
  -5.57832   -4.52874   -2.60967   -0.12456    2.81830    6.15631    9.84725   13.86012   18.17090   22.76026   27.61222   32.71327   38.05178   43.61763   49.40189   55.39660   61.59461   67.98947   74.57529   81.34669
  -5.07369   -4.00377   -2.04749    0.48580    3.48571    6.88844   10.65094   14.74161   19.13597   23.81431   28.76034   33.96028   39.40229   45.07605   50.97245   57.08339   63.40156   69.92040   76.63391   83.53658
  -4.57520   -3.48486   -1.49123    1.09041    4.14759    7.61527   11.44958   15.61834   20.09657   24.86422   29.90465   35.20385   40.74974   46.53181   52.54076   58.76834   65.20712   71.85039   78.69205   85.72648
  -4.08464   -2.97377   -0.94263    1.68760    4.80230    8.33524   12.24171   16.48891   21.05142   25.90878   31.04408   36.44300   42.09325   47.98413   54.10616   60.45093   67.01088   73.77916   80.74957   87.91638
  -3.60083   -2.46936   -0.40056    2.27845    5.45091    9.04936   13.02828   17.35424   22.00136   26.94880   32.17932   37.67836   43.43339   49.43351   55.66907   62.13150   68.81310   75.70690   82.80656   90.10628
  -3.12615   -1.97397    0.13271    2.86075    6.09128    9.75560   13.80734   18.21249   22.94467   27.98266   33.30892   38.90862   44.76899   50.87893   57.22863   63.80935   70.61325   77.63323   84.86285   92.29618
  -2.66149   -1.48848    0.65628    3.43364    6.72258   10.45315   14.57815   19.06295   23.88068   29.00976   34.43233   40.13326   46.09959   52.32000   58.78450   65.48420   72.41111   79.55802   86.91835   94.48607
  -2.20796   -1.01399    1.16911    3.99612    7.34384   11.14109   15.33982   19.90477   24.80862   30.02937   35.54885   41.35169   47.42466   53.75625   60.33629   67.15574   74.20646   81.48110   88.97299   96.67597
  -1.76684   -0.55175    1.66995    4.54695    7.95388   11.81829   16.09127   20.73695   25.72753   31.04061   36.65771   42.56316   48.74353   55.18710   61.88351   68.82356   75.99898   83.40227   91.02665   98.86587
  -1.33963   -0.10326    2.15736    5.08476    8.55136   12.48346   16.83129   21.55834   26.63633   32.04248   37.75796   43.76686   50.05549   56.61192   63.42562   70.48724   77.78834   85.32131   93.07924  101.05577
  -1.23829   -0.00314    2.25524    5.17974    8.64291   12.57111   16.91464   21.63702   26.70998   32.11078   37.82061   43.82356   50.10596   56.65591   63.46287   70.51749   77.81136   85.33688   93.08713  101.05577
  -1.13633   -0.00325    2.06850    4.75131    7.92829   11.53186   15.51643   19.84855   24.50228   29.45675   34.69471   40.20157   45.96479   51.97344   58.21786   64.68949   71.38059   78.28419   85.39395   92.70405
  -1.03376   -0.00276    1.88234    4.32345    7.21421   10.49312   14.11872   18.06055   22.29501   26.80312   31.56918   36.57992   41.82392   47.29123   52.97308   58.86167   64.94995   71.23159   77.70082   84.35233
  -0.93062   -0.00171    1.69673    3.89612    6.50064    9.45488   12.72147   16.27298   20.08815   24.14987   28.44400   32.95858   37.68332   42.60927   47.72851   53.03401   58.51944   64.17908   70.00773   76.00062
  -0.82698   -0.00017    1.51160    3.46927    5.78752    8.41707   11.32464   14.48581   17.88166   21.49697   25.31914   29.33753   33.54298   37.92753   42.48413   47.20651   52.08904   57.12664   62.31468   67.64890
  -0.72291    0.00181    1.32689    3.04281    5.07480    7.37963    9.92816   12.69897   15.67548   18.84435   22.19454   25.71672   29.40286   33.24598   37.23990   41.37913   45.65875   50.07427   54.62166   59.29718
  -0.61853    0.00408    1.14248    2.61665    4.36235    6.34246    8.53193   10.91237   13.46953   16.19194   19.07013   22.09608   25.26289   28.56456   31.99578   35.55185   39.22852   43.02195   46.92867   50.94547
  -0.51402    0.00648    0.95819    2.19060    3.65002    5.30540    7.13581    9.12587   11.26367   13.53962   15.94580   18.47551   21.12298   23.88319   26.75172   29.72461   32.79832   35.96965   39.23569   42.59375
  -0.40963    0.00877    0.77379    1.76445    2.93759    4.26825    5.73960    7.33928    9.05773   10.88722   12.82140   14.85487   16.98301   19.20178   21.50760   23.89733   26.36810   28.91733   31.54270   34.24203
  -0.30564    0.01066    0.58900    1.33792    2.22479    3.23074    4.34305    5.55238    6.85149    8.23455    9.69675   11.23402   12.84284   14.52019   16.26334   18.06993   19.93778   21.86495   23.84967   25.89032
  -0.20241    0.01181    0.40348    0.91068    1.51131    2.19258    2.94588    3.76489    4.64470    5.58137    6.57164    7.61274    8.70230    9.83827   11.01881   12.24230   13.50729   14.81245   16.15659   17.53860
  -0.10036    0.01178    0.21682    0.48233    0.79675    1.15339    1.54774    1.97648    2.43706    2.92739    3.44579    3.99079    4.56117    5.15584    5.77384    6.41433    7.07654    7.75978    8.46342    9.18689
   0.00000    0.00000    0.00000    0.00000    0.00000    0.00000    0.00000    0.00000    0.00000    0.00000    0.00000    0.00000    0.00000    0.00000    0.00000    0.00000    0.00000    0.00000    0.00000    0.00000
