-13.451105 -13.931982 -14.891358 -16.315204 -18.345921 -21.262742 -25.650836 -32.804774 -46.262033 -80.266297 -324.740732 154.632051 61.985339 38.640895 28.032625 21.986373 18.087236 15.369439 13.369869 11.837990
-9.724807 -10.095936 -10.835281 -11.934225 -13.493505 -15.743380 -19.121675 -24.656959 -35.160003 -62.261782 -285.371669 109.333371 45.810432 28.996104 21.242400 16.788568 13.905510 11.890822 10.405918 9.267785
-6.799019 -7.075435 -7.621211 -8.421966 -9.548518 -11.141215 -13.496492 -17.237934 -23.994426 -39.722835 -115.829805 127.498238 41.372145 24.819633 17.813277 13.955406 11.517787 9.841852 8.621490 7.693698
-4.486876 -4.694764 -5.099155 -5.681288 -6.467720 -7.546484 -9.087060 -11.422898 -15.356071 -23.278072 -47.473724 2187.406576 46.493088 23.803536 16.152875 12.327315 10.038610 8.518568 7.438020 6.631116
-2.301860 -2.555418 -2.952123 -3.438083 -4.038650 -4.810217 -5.816839 -7.251167 -9.454221 -13.340347 -22.103945 -60.289617 90.732138 26.663691 15.923636 11.513868 9.123828 7.628386 6.605937 5.864973
.000000 -2.701357 -.976354 -.772917 -1.305182 -2.222786 -3.356085 -4.625328 -6.212241 -8.654397 -13.361772 -26.938741 -614.001960 31.422339 15.817333 10.810325 8.358625 6.911805 5.960701 5.288902
.000000 -2.593306 -.931240 -.840975 -1.495963 -2.514534 -3.689914 -5.048690 -6.903467 -10.077821 -17.329548 -52.517562 57.958272 19.515156 12.069274 8.924622 7.201501 6.119128 5.378365 4.840090
.000000 -2.289243 -.806167 -.922541 -1.704943 -2.789355 -4.012509 -5.499859 -7.734184 -12.050429 -24.710669 -1167.475263 27.672982 14.188309 9.794495 7.632894 6.355401 5.515244 4.921985 4.480910
.000000 -.874018 -.498542 -1.029853 -1.929045 -3.048235 -4.330443 -6.000212 -8.777872 -15.012081 -43.445591 57.208470 18.176919 11.173369 8.270730 6.694973 5.711152 5.040690 4.555142 4.187234
.000000 -.815097 -.539275 -1.157929 -2.145066 -3.292255 -4.652493 -6.577312 -10.154385 -20.012299 -189.142341 27.792088 13.540659 9.238523 7.181675 5.984636 5.205105 4.658423 4.254116 3.942771
.000000 -.823523 -.609116 -1.300414 -2.343183 -3.525542 -4.992325 -7.272307 -12.087658 -30.373828 78.267928 18.302980 10.800100 7.895398 6.366591 5.429100 4.797698 4.344235 4.002804 3.736177
.000000 -.833502 -.664115 -1.453763 -2.525278 -3.751151 -5.365076 -8.144086 -15.031891 -64.875693 32.075708 13.626727 8.996059 6.911748 5.735345 4.983663 4.463166 4.081715 3.790001 3.559369
.000000 -.785367 -.717874 -1.611432 -2.693837 -3.972952 -5.790178 -9.288175 -20.095609 386.270612 20.049719 10.852388 7.723403 6.162688 5.233347 4.619262 4.183970 3.859317 3.607615 3.406403
.000000 -.785488 -.783649 -1.753828 -2.847041 -4.197399 -6.293442 -10.874176 -30.892444 47.401913 14.532604 9.022683 6.780554 5.574593 4.825159 4.315862 3.947468 3.668455 3.449461 3.272646
.000000 -.776235 -.871886 -1.876049 -2.996055 -4.445623 -6.928203 -13.271531 -70.452481 24.916793 11.375055 7.729776 6.055813 5.101320 4.486932 4.059293 3.744447 3.502693 3.310839 3.154517
.000000 -.724997 -.973182 -1.977046 -3.136580 -4.722184 -7.747574 -17.267264 213.980911 16.790515 9.343187 6.772651 5.483684 4.713520 4.202912 3.840047 3.568684 3.357725 3.188611 3.049662
.000000 -.758869 -1.081000 -2.069512 -3.274823 -5.046265 -8.861547 -25.284511 41.269387 12.615978 7.932451 6.037961 5.021569 4.390374 3.961192 3.650588 3.415024 3.229827 3.079986 2.955901
.000000 -1.227320 -1.188903 -2.159869 -3.416388 -5.442713 -10.470145 -49.460229 22.521534 10.088549 6.900438 5.458109 4.641368 4.117392 3.753225 3.485374 3.279634 3.116207 2.982838 2.871579
.000000 -.885793 -1.288832 -2.243940 -3.564817 -5.942206 -12.981367 22327.967762 15.376239 8.404363 6.116351 4.990411 4.323959 3.884327 3.572819 3.340328 3.159663 3.014781 2.895583 2.795463
.000000 -.793566 -1.359005 -2.312652 -3.726891 -6.590101 -17.424960 47.242860 11.632194 7.208235 5.502786 4.606335 4.055616 3.683409 3.415093 3.212156 3.052757 2.923775 2.816846 2.726438
.000000 -.645875 -1.381125 -2.369370 -3.921204 -7.479992 -27.477307 23.213024 9.340086 6.318294 5.010851 4.285809 3.825983 3.508483 3.276011 3.098018 2.956806 2.841556 2.745315 2.663429
.000000 -.524173 -1.367877 -2.416168 -4.156165 -8.761751 -70.923472 15.251926 7.802965 5.633702 4.609205 4.015190 3.627864 3.355262 3.152783 2.995961 2.870349 2.767011 2.680099 2.605714
.000000 -.529220 -1.346208 -2.463741 -4.450123 -10.774992 105.705027 11.307026 6.706013 5.092594 4.275894 3.784073 3.455397 3.220009 3.042822 2.904083 2.791939 2.698965 2.620234 2.552464
.000000 -.560699 -1.332039 -2.520333 -4.837134 -14.412048 29.297654 8.967199 5.887626 4.655548 3.995506 3.584721 3.304060 3.099782 2.944047 2.820826 2.720355 2.636418 2.564877 2.502947
.000000 -.608565 -1.323197 -2.579088 -5.354882 -22.768553 16.784389 7.430805 5.257419 4.296926 3.757383 3.411686 3.170618 2.992466 2.854974 2.745072 2.654695 2.578630 2.513394 2.456623
.000000 -.665176 -1.322580 -2.651718 -6.113161 -61.320018 11.684930 6.349634 4.758452 3.997710 3.552623 3.259851 3.051730 2.895654 2.773756 2.675344 2.593726 2.524556 2.464882 2.412708
.000000 -.721486 -1.327232 -2.751838 -7.341812 76.394803 8.939837 5.551588 4.354886 3.744783 3.374834 3.125479 2.944954 2.807611 2.699063 2.610575 2.536590 2.473466 2.418713 2.370645
.000000 -.760201 -1.320962 -2.884224 -9.548886 22.925402 7.241381 4.942668 4.023782 3.529363 3.219734 3.006153 2.848735 2.727249 2.630101 2.550138 2.482773 2.424931 2.374527 2.330126
.000000 -.780975 -1.293072 -3.079748 -14.356644 13.368739 6.095653 4.465697 3.748666 3.344402 3.083539 2.899482 2.761395 2.653294 2.565841 2.493199 2.431568 2.378362 2.331819 2.290721
.000000 -.754778 -1.237380 -3.418872 -31.438941 9.413281 5.276475 4.084195 3.517367 3.184149 2.962858 2.803145 2.681176 2.584336 2.505136 2.438802 2.382167 2.333067 2.290002 2.251931
.000000 -.689558 -1.168485 -4.021940 124.911539 7.270230 4.665975 3.773696 3.320633 3.043777 2.854596 2.714898 2.606334 2.518987 2.446832 2.385980 2.333766 2.288381 2.248529 2.213304
.000000 -.601066 -1.143764 -5.097406 20.477203 5.941387 4.197852 3.517729 3.151684 2.919512 2.756237 2.632861 2.535398 2.456059 2.389981 2.333967 2.285774 2.243844 2.207051 2.174573
.000000 -.498309 -1.215482 -7.258424 11.128681 5.047274 3.830506 3.303705 3.004510 2.807626 2.665066 2.554959 2.466736 2.394264 2.333587 2.282015 2.237625 2.199043 2.165259 2.135509
.000000 -.390686 -1.381176 -13.213441 7.678758 4.411880 3.536036 3.121614 2.873769 2.704549 2.578415 2.479173 2.398862 2.332542 2.276907 2.229623 2.188993 2.153775 2.123036 2.096048
.000000 -.292081 -1.667330 -79.457552 5.916605 3.942892 3.295669 2.963978 2.755267 2.607448 2.494334 2.404286 2.331072 2.270556 2.219852 2.176872 2.140070 2.108296 2.080666 2.056485
.000000 -.184922 -2.127438 20.645599 4.873498 3.589336 3.097710 2.825945 2.646192 2.514503 2.411925 2.330006 2.263486 2.208683 2.162962 2.124381 2.091500 2.063235 2.038748 2.017386
.000000 -.153882 -2.964309 9.412629 4.195405 3.314127 2.928922 2.699702 2.541085 2.422046 2.329006 2.255089 2.195448 2.146628 2.106141 2.072161 2.043343 2.018671 1.997367 1.978832
.000000 -.182742 -4.828516 6.293045 3.728941 3.092288 2.778052 2.578148 2.435554 2.328029 2.244898 2.179568 2.127340 2.084913 2.049945 2.020746 1.996083 1.975038 1.956914 1.941177
.000000 -.247607 -11.949122 4.882960 3.389737 2.901321 2.632564 2.454121 2.326570 2.231907 2.160008 2.104207 2.060001 2.024330 1.995075 1.970740 1.950245 1.932795 1.917794 1.904786
.000000 -.368349 39.038907 4.111063 3.121626 2.718787 2.481500 2.324481 2.215004 2.135684 2.076400 2.030843 1.994985 1.966175 1.942619 1.923067 1.906628 1.892648 1.880641 1.870237
.000000 -.617770 8.852203 3.618148 2.871610 2.523845 2.321334 2.192431 2.105090 2.042900 1.996848 1.961639 1.934005 1.911843 1.893743 1.878730 1.866114 1.855389 1.846179 1.838199
.000000 -1.278058 5.688413 3.201204 2.594295 2.315810 2.161898 2.066666 2.002954 1.957838 1.924494 1.899012 1.879010 1.862962 1.849851 1.838971 1.829824 1.822045 1.815363 1.809572
.000000 -3.949156 4.317513 2.728320 2.307010 2.121464 2.019968 1.957126 1.914947 1.884976 1.862755 1.845728 1.832334 1.821569 1.812759 1.805440 1.799280 1.794036 1.789528 1.785619
.000000 -38.052817 3.275101 2.354036 2.098567 1.983466 1.919633 1.879762 1.852842 1.833633 1.819346 1.808373 1.799725 1.792764 1.787061 1.782318 1.778322 1.774919 1.771991 1.769451
.000000 -1199.813513 3.081755 2.296937 2.069523 1.965640 1.907641 1.871271 1.846650 1.829050 1.815942 1.805864 1.797915 1.791512 1.786264 1.781897 1.778218 1.775082 1.772385 1.770043
.000000 -1060.594735 3.092943 2.306405 2.078364 1.974207 1.916060 1.879598 1.854914 1.837268 1.824127 1.814023 1.806053 1.799634 1.794372 1.789994 1.786304 1.783161 1.780456 1.778108
.000000 -1134.077921 3.118331 2.326531 2.096775 1.991837 1.933255 1.896521 1.871652 1.853874 1.840633 1.830452 1.822422 1.815954 1.810652 1.806241 1.802523 1.799356 1.796630 1.794265
.000000 -1647.997418 3.165150 2.362844 2.129750 2.023278 1.963837 1.926563 1.901327 1.883286 1.869849 1.859517 1.851368 1.844803 1.839422 1.834945 1.831172 1.827957 1.825191 1.822790
.000000 -15306.079237 3.244202 2.423799 2.184974 2.075850 2.014921 1.976709 1.950838 1.932340 1.918563 1.907969 1.899613 1.892881 1.887364 1.882773 1.878904 1.875607 1.872771 1.870309
.000000 1243.347029 3.371804 2.522653 2.274585 2.161158 2.097805 2.058066 2.031156 2.011914 1.997581 1.986560 1.977866 1.970863 1.965122 1.960345 1.956319 1.952889 1.949938 1.947376
.000000 482.722945 3.572504 2.680800 2.418451 2.298298 2.231140 2.188995 2.160448 2.140032 2.124823 2.113126 2.103899 2.096465 2.090371 2.085301 2.081027 2.077386 2.074253 2.071533
.000000 262.054796 3.881339 2.933395 2.650247 2.520042 2.447132 2.401331 2.370287 2.348076 2.331524 2.318792 2.308745 2.300651 2.294015 2.288493 2.283838 2.279872 2.276458 2.273496
.000000 162.484288 4.339722 3.334143 3.025807 2.882613 2.802040 2.751283 2.716821 2.692133 2.673719 2.659546 2.648357 2.639338 2.631941 2.625784 2.620594 2.616170 2.612363 2.609057
.000000 106.794116 4.978072 3.934937 3.608539 3.455332 3.368595 3.313744 3.276403 3.249603 3.229586 3.214163 3.201976 3.192147 3.184081 3.177365 3.171700 3.166870 3.162712 3.159102
.000000 69.583760 5.803322 4.744174 4.409475 4.251819 4.162394 4.105776 4.067202 4.039502 4.018803 4.002850 3.990241 3.980069 3.971721 3.964768 3.958903 3.953903 3.949597 3.945858
.000000 38.183292 6.732657 5.737808 5.417196 5.265113 5.178544 5.123619 5.086147 5.059212 5.039072 5.023540 5.011260 5.001350 4.993214 4.986437 4.980719 4.975843 4.971644 4.967998
.000000 .000000 .000000 .000000 .000000 .000000 .000000 .000000 .000000 .000000 .000000 .000000 .000000 .000000 .000000 .000000 .000000 .000000 .000000 .000000
