  61.92860   62.20898   62.71394   63.34907   64.09495   64.90031   65.77507   66.71253   67.70938   68.76827   69.87570   71.02871   72.22870   73.46526   74.73740   76.04582   77.38330   78.75198   80.14943   81.56571
  58.33833   58.72652   59.42007   60.30184   61.29220   62.39573   63.54185   64.77162   66.06967   67.42901   68.86491   70.36340   71.90613   73.50979   75.16756   76.86600   78.61687   80.41730   82.26318   84.15209
  53.72964   54.27607   55.23686   56.42426   57.77394   59.20800   60.73736   62.31752   63.92922   65.62563   67.40377   69.25518   71.18773   73.17560   75.24494   77.40102   79.62670   81.92203   84.28747   86.70769
  47.30231   48.13334   49.57730   51.33866   53.18956   55.10547   57.09377   59.11256   61.18781   63.25488   65.40017   67.63858   69.97313   72.40794   74.93448   77.59274   80.36716   83.23996   86.20744   89.25391
  32.82852   35.52176   39.08669   42.58085   45.92915   49.17855   52.08218   54.91188   57.57115   60.16809   62.78938   65.43457   68.20159   71.11019   74.16165   77.37496   80.77262   84.31994   87.98892   91.78539
   0.00000   47.96986   16.56110   12.31415   19.20206   29.62638   39.59681   46.87808   51.86082   55.78425   59.25304   62.49840   65.74960   69.13203   72.72491   76.56678   80.67715   85.03441   89.60575   94.35218
   0.00000   45.23002   15.46202   13.05139   21.29545   32.13267   41.21002   47.54515   52.02710   55.76928   59.21115   62.54845   65.97901   69.61009   73.51226   77.70288   82.17629   86.89960   91.83528   96.94484
   0.00000   39.16794   13.08464   13.92349   23.43408   34.07489   42.23439   47.78210   51.92451   55.57432   59.05166   62.53048   66.17599   70.09583   74.33486   78.88517   83.72254   88.80726   94.10001   99.56336
   0.00000   14.65182    7.89871   15.08957   25.54287   35.48385   42.74649   47.68477   51.61715   55.24438   58.81295   62.47093   66.37382   70.61682   75.20882   80.12239   85.31999   90.75869   96.39955  102.20767
   0.00000   13.37138    8.32836   16.44162   27.29696   36.39220   42.82885   47.33062   51.15100   54.81596   58.51954   62.39485   66.59874   71.18877   76.14175   81.41621   86.96681   92.75079   98.73092  104.87473
   0.00000   13.20241    9.15501   17.85851   28.57978   36.85880   42.57648   46.78972   50.57530   54.33055   58.20342   62.34029   66.87783   71.82686   77.13934   82.76704   88.66141   94.78096  101.09067  107.56134
   0.00000   13.04059    9.69848   19.26871   29.43615   36.92739   42.06407   46.10881   49.92342   53.81121   57.89145   62.33357   67.22588   72.53672   78.20236   84.17351   90.40139   96.84674  103.47698  110.26584
   0.00000   11.97497   10.16915   20.56917   29.91600   36.64404   41.35593   45.32603   49.22530   53.27711   57.61209   62.39503   67.65145   73.31940   79.32953   85.63321   92.18425   98.94572  105.88793  112.98678
   0.00000   11.65563   10.74927   21.50946   30.01942   36.06774   40.50069   44.47212   48.49747   52.74796   57.38841   62.53352   68.15317   74.16846   80.51190   87.13724   94.00097  101.06969  108.31547  115.71696
   0.00000   11.18853   11.55478   22.04153   29.86530   35.33559   39.59497   43.62199   47.79947   52.28852   57.26670   62.77361   68.74139   75.08717   81.74819   88.68146   95.84623  103.21169  110.75225  118.44810
   0.00000   10.13482   12.43598   22.19071   29.43156   34.44973   38.63327   42.75933   47.11941   51.89938   57.23680   63.10017   69.40322   76.06645   83.03340   90.26429   97.72161  105.37639  113.20498  121.18941
   0.00000   10.27051   13.29040   22.12212   28.78208   33.47211   37.65501   41.91045   46.49223   51.60676   57.30575   63.51160   70.13417   77.10060   84.36164   91.88059   99.62200  107.55903  115.66960  123.93659
   0.00000   16.05182   14.02972   21.91264   27.96407   32.44944   36.68376   41.09589   45.95068   51.42171   57.47153   64.00299   70.92904   78.18538   85.72984   93.52798  101.54596  109.75865  118.14529  126.68954
   0.00000   11.17505   14.56262   21.52815   27.00221   31.40000   35.72032   40.32863   45.50885   51.33990   57.72574   64.56626   71.78262   79.31870   87.13789   95.20750  103.49558  111.97847  120.63600  129.45320
   0.00000    9.63986   14.66673   20.90003   25.93540   30.32546   34.76462   39.62769   45.16904   51.35249   58.05783   65.19351   72.68921   80.49626   88.58277   96.91754  105.47028  114.21805  123.14186  132.22738
   0.00000    7.53838   14.19524   20.07668   24.84643   29.26533   33.85895   39.03859   44.94533   51.46075   58.46684   65.88249   73.64589   81.71471   90.06060   98.65355  107.46468  116.47135  125.65575  135.00421
   0.00000    5.86602   13.34946   19.10026   23.73010   28.20605   33.01683   38.56224   44.82408   51.65246   58.94425   66.62850   74.65059   82.97402   91.57251  100.41698  109.47970  118.73967  128.17866  137.78498
   0.00000    5.66551   12.43299   18.06459   22.59862   27.16984   32.28059   38.20535   44.80017   51.92236   59.48561   67.42772   75.69969   84.26970   93.11310  102.20147  111.50862  121.01460  130.70148  140.55887
   0.00000    5.72675   11.59645   17.02048   21.48218   26.20767   31.68471   37.97022   44.87124   52.26826   60.08931   68.27839   76.79121   85.59893   94.67798  104.00136  113.54441  123.28731  133.21359  143.31327
   0.00000    5.91467   10.81496   15.91753   20.35659   25.34055   31.21620   37.83711   45.02434   52.68193   60.75049   69.17820   77.92315   86.95972   96.26509  105.81348  115.58216  125.55194  135.70774  146.04064
   0.00000    6.13165   10.09745   14.80772   19.29347   24.64239   30.88939   37.80913   45.25933   53.16167   61.46527   70.12019   79.08569   88.33894   97.85810  107.61898  117.60004  127.78440  138.15796  148.71353
   0.00000    6.28384    9.40817   13.73017   18.38161   24.12984   30.69504   37.87901   45.57090   53.70337   62.22921   71.09818   80.27135   89.72734   99.44547  109.40409  119.58338  129.96819  140.54621  151.31235
   0.00000    6.23193    8.63809   12.66625   17.64913   23.76172   30.60395   38.03015   45.95043   54.30251   63.03943   72.11009   81.47707   91.12082  101.02247  111.16272  121.52503  132.09535  142.86447  153.82889
   0.00000    6.00087    7.74274   11.67744   17.09854   23.51473   30.60473   38.25789   46.39591   54.95665   63.89177   73.14884   82.69295   92.50662  102.57353  112.87786  123.40622  134.14690  145.09319  156.24387
   0.00000    5.40986    6.72408   10.90456   16.70870   23.37793   30.69456   38.56201   46.90536   55.66078   64.77692   74.20026   83.89997   93.86165  104.07314  114.52241  125.19876  136.09397  147.20388  158.52967
   0.00000    4.58353    5.69799   10.39055   16.46310   23.34951   30.87549   38.94336   47.47538   56.40584   65.67927   75.24287   85.07193   95.15690  105.48973  116.06334  126.86954  137.90441  149.16601  160.65730
   0.00000    3.68064    4.93606   10.06476   16.33841   23.42403   31.14653   39.39869   48.09811   57.17740   66.57816   76.25024   86.17875   96.36013  106.79105  117.46913  128.39005  139.55271  150.95757  162.60803
   0.00000    2.78859    4.55934    9.88455   16.33175   23.60506   31.50731   39.92015   48.75703   57.95022   67.43975   77.18372   87.17932   97.43013  107.93841  118.70532  129.73013  141.01342  152.55694  164.36346
   0.00000    1.97827    4.39420    9.83449   16.44681   23.89271   31.94930   40.49006   49.42473   58.68732   68.21955   77.99644   88.02933   98.32803  108.89915  119.74599  130.86981  142.27189  153.95384  165.91639
   0.00000    1.32276    4.35117    9.89691   16.67476   24.27367   32.45328   41.08109   50.06567   59.34621   68.87412   78.65206   88.70144   99.03626  109.66487  120.59129  131.81681  143.34191  155.16625  167.28822
   0.00000    0.74039    4.35590   10.02970   16.98761   24.72493   32.99352   41.65898   50.63743   59.88114   69.36777   79.12766   89.18651   99.55872  110.25145  121.26684  132.60436  144.26219  156.23723  168.52551
   0.00000    0.53626    4.42047   10.26366   17.40081   25.23797   33.53493   42.16485   51.06710   60.22227   69.64812   79.38782   89.46394   99.88646  110.65825  121.77748  133.24051  145.04227  157.17690  169.63832
   0.00000    0.54343    4.55150   10.62013   17.90750   25.77496   34.00812   42.51086   51.27187   60.31641   69.69079   79.42998   89.54664  100.04272  110.91463  122.15597  133.75930  145.71669  158.01997  170.66129
   0.00000    0.61143    4.78629   11.12557   18.47716   26.25511   34.29777   42.58942   51.18770   60.14722   69.50759   79.28308   89.47283  100.06974  111.06398  122.44503  134.20240  146.32594  158.80591  171.63315
   0.00000    0.72711    5.18070   11.76071   19.01469   26.52339   34.26292   42.33458   50.82252   59.76212   69.16264   79.01730   89.31345  100.03688  111.17341  122.70968  134.63320  146.93240  159.59655  172.61570
   0.00000    0.91954    5.80952   12.42343   19.30464   26.38214   33.84076   41.79419   50.27099   59.26405   68.75613   78.72697   89.15686  100.02764  111.32272  123.02717  135.12740  147.61105  160.46681  173.68425
   0.00000    1.29593    6.65039   12.79238   19.05209   25.80064   33.16313   41.13652   49.69053   58.79266   68.41355   78.52733   89.11139  100.14586  111.61311  123.49747  135.78477  148.46225  161.51827  174.94212
   0.00000    2.17896    7.21004   12.40555   18.34969   25.07207   32.50385   40.58484   49.26686   58.51081   68.28433   78.56004   89.31445  100.52709  112.17990  124.25683  136.74344  149.62671  162.89478  176.53676
   0.00000    3.92927    7.06558   11.96970   17.94561   24.76051   32.30989   40.52456   49.35291   58.75414   68.69481   79.14682   90.08612  101.49181  113.34544  125.63065  138.33273  151.43840  164.93559  178.81320
   0.00000    3.77076    6.95010   11.89753   17.88671   24.71028   32.26706   40.48873   49.32400   58.73221   68.68002   79.13938   90.08625  101.49974  113.36142  125.65494  138.36555  151.48000  164.98621  178.87308
   0.00000    3.44556    6.39775   10.95845   16.47787   22.76628   29.73041   37.30729   45.44962   54.11996   63.28755   72.92656   83.01485   93.53315  104.46448  115.79377  127.50746  139.59329  152.04016  164.83783
   0.00000    3.12993    5.86976   10.05865   15.12657   20.90059   27.29509   34.25220   41.72850   49.68960   58.10727   66.95779   76.22083   85.87870   95.91581  106.31833  117.07379  128.17096  139.59963  151.35040
   0.00000    2.82471    5.37039    9.20593   13.84473   19.12984   24.98289   31.35091   38.19415   45.48111   53.18599   61.28704   69.76568   78.60572   87.79288   97.31450  107.15917  117.31662  127.77749  138.53320
   0.00000    2.53022    4.90394    8.40881   12.64559   17.47258   22.81825   28.63424   34.88422   41.53946   48.57636   55.97509   63.71867   71.79232   80.18299   88.87913   97.87031  107.14714  116.70110  126.52432
   0.00000    2.24593    4.47402    7.67596   11.54306   15.94855   20.82735   26.13532   31.83935   37.91322   44.33540   51.08780   58.15492   65.52326   73.18093   81.11738   89.32309   97.78951  106.50884  115.47391
   0.00000    1.96997    4.08151    7.01471   10.55013   14.57688   19.03594   23.88713   29.10022   34.65128   40.52065   46.69180   53.15055   59.88460   66.88306   74.13630   81.63562   89.37320   97.34191  105.53522
   0.00000    1.69861    3.71905    6.42590    9.67346   13.36984   17.46228   21.91423   26.69813   31.79206   37.17802   42.84085   48.76758   54.94690   61.36883   68.02454   74.90606   82.00619   89.31841   96.83672
   0.00000    1.42525    3.35803    5.88293    8.88857   12.30370   16.08258   20.19244   24.60822   29.30985   34.28083   39.50722   44.97707   50.67998   56.60675   62.74923   69.10008   75.65266   82.40096   89.33943
   0.00000    1.13883    2.93209    5.26463    8.02823   11.16328   14.62998   18.39917   22.44824   26.75903   31.31650   36.10796   41.12248   46.35057   51.78381   57.41475   63.23665   69.24345   75.42964   81.79014
   0.00000    0.82165    2.34154    4.32044    6.66407    9.32245   12.26193   15.45781   18.89095   22.54596   26.41011   30.47264   34.72429   39.15699   43.76364   48.53790   53.47406   58.56700   63.81202   69.20484
   0.00000    0.44981    1.45976    2.76753    4.31617    6.07275    8.01504   10.12675   12.39523   14.81031   17.36357   20.04791   22.85721   25.78615   28.83002   31.98464   35.24624   38.61142   42.07710   45.64044
   0.00000    0.00000    0.00000    0.00000    0.00000    0.00000    0.00000    0.00000    0.00000    0.00000    0.00000    0.00000    0.00000    0.00000    0.00000    0.00000    0.00000    0.00000    0.00000    0.00000
