  -3.66313   -3.51405   -3.24168   -2.88934   -2.47256   -2.00043   -1.47897   -0.91264   -0.30487    0.34160    1.02448    1.74186    2.49213    3.27385    4.08576    4.92678    5.79593    6.69232    7.61513    8.56359
  -5.17078   -4.97445   -4.61586   -4.15213   -3.60401   -2.98336   -2.29847   -1.55491   -0.75721    0.09098    0.98675    1.92762    2.91146    3.93650    5.00111    6.10382    7.24339    8.41870    9.62869   10.87239
  -7.23789   -6.98701   -6.52867   -5.93611   -5.23590   -4.44380   -3.57027   -2.62297   -1.60761   -0.52835    0.61111    1.80763    3.05858    4.36170    5.71506    7.11691    8.56559   10.05965   11.59785   13.17899
 -10.12212   -9.80696   -9.23019   -8.48330   -7.60023   -6.60186   -5.50207   -4.31090   -3.03559   -1.68177   -0.25354    1.24559    2.81246    4.44438    6.13899    7.89415    9.70795   11.57863   13.50455   15.48421
 -14.17466  -13.78970  -13.08002  -12.15437  -11.05330   -9.80084   -8.41749   -6.91952   -5.31897   -3.62326   -1.83747    0.03454    1.98981    4.02530    6.13831    8.32656   10.58778   12.91978   15.32068   17.78863
 -18.19276  -17.75763  -16.96153  -15.92560  -14.68083  -13.23372  -11.58166   -9.75566   -7.80210   -5.74004   -3.57603   -1.31308    1.04691    3.50195    6.04963    8.68750   11.41307   14.22396   17.11788   20.09265
 -17.89903  -17.44098  -16.60250  -15.50879  -14.18939  -12.64981  -10.89651   -8.97742   -6.93080   -4.77000   -2.50007   -0.12388    2.35624    4.93765    7.61749   10.39289   13.26107   16.21939   19.26534   22.39661
 -17.59024  -17.10944  -16.22858  -15.07615  -13.68064  -12.04764  -10.19974   -8.19223   -6.05392   -3.79461   -1.41862    1.07089    3.67100    6.37846    9.18995   12.10225   15.11229   18.21720   21.41430   24.70110
 -17.26695  -16.76356  -15.84022  -14.62801  -13.15483  -11.42938   -9.49371   -7.40061   -5.17126   -2.81337   -0.33115    2.27171    4.99160    7.82472   10.76731   13.81586   16.96701   20.21771   23.56508   27.00648
 -16.93022  -16.40436  -15.43828  -14.16514  -12.61276  -10.79828   -8.78020   -6.60308   -4.28283   -1.82610    0.76253    3.47871    6.31815    9.27651   12.34969   15.53386   18.82544   22.22117   25.71800   29.31316
 -16.57940  -16.03119  -15.02193  -13.68673  -12.05418  -10.15594   -8.05910   -5.79876   -3.38750   -0.83170    1.86339    4.69272    7.65133   10.73443   13.93758   17.25668   20.68792   24.22786   27.87329   31.62129
 -16.21537  -15.64488  -14.59184  -13.19346  -11.48079   -9.50450   -7.33111   -4.98777   -2.48521    0.16989    2.97147    5.91372    8.99112   12.19847   15.53102   18.98439   22.55459   26.23798   30.03122   33.93123
 -15.83936  -15.24657  -14.14895  -12.68621  -10.89521   -8.84571   -6.59689   -4.17036   -1.57608    1.17854    4.08658    7.14154   10.33738   13.66854   17.12996   20.71704   24.42557   28.25175   32.19209   36.24339
 -15.45222  -14.83705  -13.69406  -12.16572  -10.30004   -8.18056   -5.85664   -3.34647   -0.66008    2.19422    5.20866    8.37612   11.69007   15.14463   18.73446   22.45471   26.30102   30.26939   34.35622   38.55815
 -15.04888  -14.41129  -13.22223  -11.62761   -9.69209   -7.50481   -5.10599   -2.51201    0.26651    3.22025    6.34063    9.61998   13.05135   16.62853   20.34591   24.19845   28.18158   32.29117   36.52345   40.87495
 -14.63567  -13.97534  -12.73928  -11.07831   -9.07752   -6.82333   -4.34923   -1.67093    1.19998    4.25318    7.47939   10.87042   14.41891   18.11835   21.96290   25.94729   30.06680   34.31712   38.69435   43.19491
 -14.21184  -13.52856  -12.24462  -10.51854   -8.45603   -6.13525   -3.58541   -0.82240    2.14103    5.29363    8.62549   12.12790   15.79317   19.61449   23.58577   27.70156   31.95694   36.34748   40.86912   45.51817
 -13.77783  -13.07128  -11.73861   -9.95001   -7.82792   -5.44052   -2.81442    0.03360    3.08961    6.34154    9.77885   13.39239   17.17411   21.11695   25.21458   29.46135   33.85218   38.38247   43.04804   47.84506
 -13.33597  -12.60580  -11.22338   -9.37568   -7.19518   -4.74074   -2.03778    0.89559    4.04435    7.39564   10.93836   14.66293   18.56097   22.62516   26.84895   31.22650   35.75254   40.42232   45.23154   50.17624
 -12.88873  -12.13421  -10.70098   -8.79794   -6.55958   -4.03729   -1.25685    1.76229    5.00407    8.45488   12.10311   15.93875   19.95315   24.13871   28.48865   32.99694   37.65815   42.46737   47.42016   52.51244
 -12.43366  -11.65445  -10.16998   -8.21509   -5.91886   -3.32805   -0.46970    2.63544    5.97035    9.52072   13.27441   17.22107   21.35173   25.65855   30.13451   34.77339   39.56958   44.51802   49.61413   54.85372
 -11.97407  -11.16938   -9.63412   -7.63006   -5.27518   -2.61515    0.32165    3.51320    6.94153   10.59166   14.45100   18.50883   22.75590   27.18410   31.78619   36.55574   41.48696   46.57466   51.81409   57.20096
 -11.50922  -10.67864   -9.09458   -7.04217   -4.62782   -1.89792    1.11783    4.39614    7.91813   11.66823   15.63340   19.80258   24.16620   28.71590   33.44421   38.34450   43.41080   48.63775   54.02049   59.55458
 -11.03813  -10.18107   -8.55131   -6.44980   -3.97542   -1.17511    1.91999    5.28534    8.90120   12.75143   16.82258   21.10321   25.58349   30.25475   35.10931   40.14032   45.34164   50.70776   56.23366   61.91480
 -10.56430   -9.68011   -8.00715   -5.85591   -3.32078   -0.44931    2.72576    6.17863    9.88881   13.83961   18.01713   22.40961   27.00690   31.80006   36.78115   41.94315   47.27971   52.78517   58.45438   64.28267
 -10.08398   -9.17227   -7.45794   -5.25678   -2.66027    0.28293    3.53835    7.07903   10.88378   14.93536   19.21946   23.72394   28.43836   33.35348   38.46113   43.75407   49.22579   54.87046   60.68279   66.65800
  -9.59585   -8.65651   -6.90222   -4.65104   -1.99259    1.02278    4.35883    7.98757   11.88709   16.03965   20.43049   25.04710   29.87870   34.91578   40.14991   45.57364   51.18032   56.96394   62.91909   69.04087
  -9.10442   -8.13693   -6.34404   -4.04249   -1.32131    1.76689    5.18413    8.90148   12.89635   17.15042   21.64847   26.37764   31.32679   36.48610   41.84692   47.40161   53.14333   59.06596   65.16395   71.43228
  -8.61104   -7.61472   -5.78463   -3.43205   -0.64720    2.51456    6.01372    9.82041   13.91133   18.26755   22.87341   27.71566   32.78276   38.06463   43.55237   49.23819   55.11510   61.17684   67.41775   73.83274
  -8.11510   -7.09004   -5.22372   -2.81905    0.03038    3.26649    6.84838   10.74521   14.93292   19.39196   24.10618   29.06193   34.24730   39.65192   45.26672   51.08374   57.09587   63.29676   69.68065   76.24241
  -7.61527   -6.56207   -4.65959   -2.20156    0.71324    4.02452    7.68998   11.67773   15.96288   20.52526   25.34823   30.41770   35.72139   41.24871   46.99045   52.93854   59.08577   65.42571   71.95256   78.66114
  -7.11206   -6.03283   -4.09282   -1.58019    1.40091    4.78839    8.53843   12.61799   17.00128   21.66750   26.59951   31.78279   37.20475   42.85465   48.72320   54.80225   61.08455   67.56361   74.23362   81.08935
  -6.60505   -5.50203   -3.52209   -0.95383    2.09463    5.55948    9.39512   13.56727   18.04920   22.81951   27.86058   33.15746   38.69738   44.46955   50.46467   56.67458   63.09198   69.71038   76.52393   83.52736
  -6.09287   -4.96748   -2.94585   -0.32097    2.79602    6.33941   10.26155   14.52681   19.10757   23.98185   29.13159   34.54149   40.19882   46.09288   52.21439   58.55517   65.10793   71.86612   78.82386   85.97578
  -5.57831   -4.43102   -2.36650    0.31614    3.50308    7.12635   11.13589   15.49466   20.17423   25.15216   30.40998   35.93236   41.70684   47.72283   53.97107   60.44338   67.13240   74.03153   81.13477   88.43662
  -5.07368   -3.90432   -1.79568    0.94659    4.20598    7.91124   12.00954   16.46248   21.24109   26.32257   31.68837   37.32362   43.21615   49.35545   55.73222   62.33818   69.16588   76.20857   83.46008   90.91473
  -4.57518   -3.38343   -1.22929    1.57485    4.90939    8.69817   12.88554   17.43220   22.30900   27.49322   32.96684   38.71565   44.72757   50.99202   57.49953   64.24165   71.21070   78.39975   85.80241   93.41282
  -4.08459   -2.86995   -0.66851    2.20061    5.61314    9.48598   13.76142   18.40026   23.37390   28.66045   34.24285   40.10709   46.24087   52.63332   59.27468   66.15619   73.26995   80.60874   88.16599   95.93563
  -3.60080   -2.36257   -0.11129    2.82690    6.31887   10.27381   14.63437   19.36297   24.43268   29.82277   35.51646   41.49924   47.75831   54.28233   61.06117   68.08577   75.34791   82.84017   90.55575   98.48840
  -3.12614   -1.86344    0.44177    3.45344    7.02239   11.05426   15.49613   20.31375   25.48166   30.97902   36.78821   42.89387   49.28257   55.94249   62.86312   70.03508   77.44991   85.09996   92.97823  101.07832
  -2.66149   -1.37312    0.99274    4.07799    7.71445   11.81690   16.33974   21.25020   26.52162   32.13169   38.06157   44.29510   50.81830   57.61893   64.68613   72.01026   79.58261   87.39533   95.44127  103.71383
  -2.20796   -0.89137    1.54242    4.68630    8.37893   12.55355   17.16432   22.17503   27.55660   33.28534   39.34148   45.70827   52.37128   59.31791   66.53703   74.01874   81.75413   89.73514   97.95446  106.40533
  -1.76684   -0.41372    2.07107    5.25191    9.00861   13.26734   17.97550   23.09391   28.59211   34.44550   40.63375   47.13962   53.94832   61.04695   68.42410   76.06965   83.97448   92.13034  100.52976  109.16584
  -1.33963    0.02877    2.53467    5.77652    9.61440   13.96725   18.78018   24.01282   29.63390   35.61822   41.94495   48.59646   55.55761   62.81520   70.35757   78.17437   86.25625   94.59481  103.18238  112.01193
  -1.23829    0.13641    2.65364    5.91011    9.76555   14.13842   18.97351   24.23028   29.87728   35.88921   42.24512   48.92731   55.92057   63.21164   70.78881   78.64167   86.76084   95.13786  103.76505  112.63533
  -1.13632    0.13298    2.45727    5.46429    9.02446   13.06243   17.52725   22.38146   27.59602   33.14755   39.01673   45.18720   51.64493   58.37765   65.37457   72.62606   80.12347   87.85899   95.82551  104.01651
  -1.03375    0.13021    2.26160    5.01922    8.28417   11.98734   16.08196   20.53369   25.31589   30.40713   35.78967   41.44854   47.37083   53.54533   59.96211   66.61236   73.48814   80.58228   87.88828   95.40014
  -0.93062    0.12807    2.06663    4.57494    7.54477   10.91322   14.63776   18.68714   23.03712   27.66821   32.56427   37.71168   43.09871   48.71516   54.55198   60.60118   66.85552   73.30849   79.95417   86.78710
  -0.82697    0.12654    1.87236    4.13149    6.80634    9.84025   13.19489   16.84210   20.76006   24.93122   29.34104   33.97724   38.82926   43.88792   49.14506   54.59349   60.22669   66.03879   72.02446   78.17879
  -0.72290    0.12559    1.67883    3.68896    6.06906    8.76867   11.75367   14.99902   18.48528   22.19684   26.12077   30.24614   34.56355   39.06482   43.74272   48.59082   53.60333   58.77504   64.10118   69.57741
  -0.61853    0.12514    1.48605    3.24748    5.33317    7.69886   10.31465   13.15858   16.21364   19.46612   22.90471   26.51982   30.30322   34.24774   38.34704   42.59549   46.98802   51.52005   56.18742   60.98631
  -0.51402    0.12510    1.29408    2.80726    4.59905    6.63141    8.87863   11.32186   13.94646   16.74068   19.69477   22.80052   26.05085   29.43959   32.96131   36.61116   40.38479   44.27827   48.28801   52.41074
  -0.40963    0.12537    1.10300    2.36866    3.86738    5.56734    7.44702    9.49066   11.68600   14.02322   16.49417   19.09197   21.81071   24.64522   27.59096   30.64388   33.80033   37.05703   40.41098   43.85944
  -0.30564    0.12586    0.91316    1.93250    3.13958    4.50873    6.02263    7.66858    9.43673   11.31913   13.30925   15.40153   17.59122   19.87415   22.24666   24.70550   27.24772   29.87069   32.57198   35.34938
  -0.20240    0.12680    0.72578    1.50131    2.41968    3.46136    4.61317    5.86544    7.21068    8.64286   10.15698   11.74883   13.41479   15.15169   16.95675   18.82748   20.76166   22.75726   24.81246   26.92557
  -0.10036    0.13036    0.54770    1.08804    1.72789    2.45365    3.25614    4.12863    5.06588    6.06371    7.11863    8.22771    9.38841   10.59855   11.85617   13.15955   14.50713   15.89751   17.32941   18.80166
   0.00000    0.02545    0.10179    0.22904    0.40718    0.63621    0.91614    1.24697    1.62870    2.06132    2.54485    3.07926    3.66458    4.30079    4.98790    5.72590    6.51480    7.35460    8.24530    9.18689
