-19.192188 -18.481551 -17.182204 -15.499612 -13.507095 -11.247029  -8.748005  -6.031014  -3.112317  -0.005000   0.010000   0.073921   0.190795   0.342142   0.521366   0.724656   0.949439   1.193829   1.456361   1.735860
-23.990236 -23.101894 -21.477625 -19.374275 -16.883499 -14.058269 -10.934327  -7.537910  -3.889349  -0.005000   0.010000   0.138212   0.372638   0.676209   1.035695   1.443453   1.894322   2.384517   2.911104   3.471721
-29.987796 -28.877322 -26.846901 -24.217604 -21.104005 -17.572319 -13.667228  -9.421531  -4.860639  -0.005000   0.010000   0.202503   0.554481   1.010275   1.550024   2.162250   2.839205   3.575206   4.365846   5.207582
-37.484746 -36.096607 -33.558497 -30.271765 -26.379636 -21.964882 -17.083355 -11.776056  -6.074752  -0.005000   0.010000   0.266794   0.736324   1.344342   2.064353   2.881046   3.784088   4.765895   5.820589   6.943443
-46.855934 -45.120714 -41.947991 -37.839467 -32.974175 -27.455585 -21.353514 -14.719213  -7.592392  -0.005000   0.010000   0.331085   0.918166   1.678408   2.578681   3.599841   4.728969   5.956581   7.275328   8.679299
-54.753627 -52.725900 -49.018349 -44.217249 -38.531812 -32.082949 -24.952248 -17.199598  -8.871404  -0.005000   0.010000   0.395376   1.100009   2.012474   3.093010   4.318638   5.673852   7.147269   8.730070  10.415160
-52.239814 -50.305191 -46.767874 -42.187219 -36.762832 -30.610073 -23.806781 -16.410099  -8.464298  -0.005000   0.010000   0.459667   1.281852   2.346541   3.607340   5.037435   6.618735   8.337958  10.184813  12.151021
-49.816247 -47.971386 -44.598192 -40.230068 -35.057359 -29.190072 -22.702437 -15.648942  -8.071807  -0.005000   0.010000   0.523959   1.463694   2.680607   4.121669   5.756232   7.563618   9.528647  11.639556  13.886882
-47.479846 -45.721518 -42.506544 -38.343307 -33.413225 -27.821144 -21.637812 -14.915162  -7.693433  -0.005000   0.010000   0.588250   1.645537   3.014674   4.635998   6.475029   8.508501  10.719335  13.094298  15.622743
-45.228075 -43.553147 -40.490661 -36.524890 -31.828645 -26.501802 -20.611750 -14.207961  -7.328764  -0.005000   0.010000   0.652541   1.827380   3.348740   5.150326   7.193824   9.453382  11.910021  14.549037  17.358599
-43.057027 -41.462507 -38.547044 -34.771660 -30.300870 -25.229755 -19.622470 -13.526111  -6.977168  -0.005000   0.010000   0.716832   2.009222   3.682806   5.664655   7.912621  10.398265  13.100710  16.003780  19.094460
-40.964281 -39.447270 -36.673527 -33.081663 -28.828197 -24.003588 -18.668871 -12.868854  -6.638254  -0.005000   0.010000   0.781123   2.191065   4.016873   6.178984   8.631418  11.343148  14.291398  17.458522  20.830321
-38.947761 -37.505437 -34.868252 -31.453223 -27.409165 -22.822082 -17.750006 -12.235537  -6.311683  -0.005000   0.010000   0.845414   2.372908   4.350939   6.693313   9.350215  12.288031  15.482087  18.913265  22.566182
-37.005264 -35.634884 -33.129244 -29.884560 -26.042223 -21.683947 -16.864870 -11.625468  -5.997101  -0.005000   0.010000   0.909705   2.554751   4.685006   7.207642  10.069012  13.232914  16.672776  20.368007  24.302043
-35.129411 -33.828507 -31.449899 -28.369715 -24.722178 -20.584860 -16.010103 -11.036329  -5.693311  -0.005000   0.010000   0.973996   2.736593   5.019072   7.721970  10.787807  14.177795  17.863461  21.822746  26.037900
-33.322871 -32.088876 -29.832606 -26.910844 -23.450909 -19.526384 -15.186919 -10.468959  -5.400746  -0.005000   0.010000   1.038287   2.918436   5.353138   8.236300  11.506604  15.122678  19.054150  23.277489  27.773761
-31.582349 -30.412817 -28.274414 -25.505285 -22.226097 -18.506589 -14.393816  -9.922323  -5.118873  -0.005000   0.010000   1.102579   3.100279   5.687205   8.750629  12.225401  16.067561  20.244839  24.732231  29.509621
-29.905520 -28.798094 -26.773245 -24.151162 -21.046107 -17.524113 -13.629738  -9.395691  -4.847315  -0.005000   0.010000   1.166870   3.282122   6.021272   9.264958  12.944198  17.012444  21.435528  26.186974  31.245482
-28.291911 -27.244248 -25.328672 -22.848092 -19.910604 -16.578678 -12.894466  -8.888913  -4.585995  -0.005000   0.010000   1.231161   3.463965   6.355338   9.779287  13.662994  17.957327  22.626216  27.641716  32.981343
-26.740924 -25.750704 -23.940160 -21.595593 -18.819168 -15.669933 -12.187730  -8.401803  -4.334816  -0.005000   0.010000   1.295452   3.645807   6.689404  10.293615  14.381790  18.902207  23.816902  29.096455  34.717200
-25.248232 -24.313297 -22.603837 -20.390169 -17.768755 -14.795345 -11.507556  -7.933002  -4.093078  -0.005000   0.010000   1.359743   3.827650   7.023471  10.807944  15.100586  19.847091  25.007591  30.551198  36.453061
-23.814066 -22.932249 -21.319910 -19.232009 -16.759528 -13.955049 -10.854051  -7.482581  -3.860819  -0.005000   0.010000   1.424034   4.009493   7.357537  11.322273  15.819383  20.791974  26.198279  32.005940  38.188922
-22.435772 -21.605003 -20.086002 -18.118968 -15.789618 -13.147488 -10.226006  -7.049708  -3.637608  -0.005000   0.010000   1.488325   4.191335   7.691604  11.836602  16.538180  21.736857  27.388968  33.460683  39.924783
-21.110066 -20.328397 -18.899172 -17.048394 -14.856713 -12.370739  -9.621923  -6.633351  -3.422913  -0.005000   0.010000   1.552616   4.373178   8.025670  12.350932  17.256977  22.681740  28.579657  34.915425  41.660643
-19.837932 -19.103379 -17.760302 -16.021082 -13.961507 -11.625379  -9.042251  -6.233819  -3.216894  -0.005000   0.010000   1.616908   4.555021   8.359737  12.865260  17.975773  23.626621  29.770344  36.370166  43.396502
-18.614002 -17.924780 -16.664587 -15.032698 -13.100224 -10.908262  -8.484544  -5.849426  -3.018682  -0.005000   0.010000   1.681199   4.736864   8.693803  13.379589  18.694570  24.571505  30.961033  37.824909  45.132363
-17.435263 -16.789698 -15.609329 -14.080807 -12.270741 -10.217623  -7.947429  -5.479226  -2.827788  -0.005000   0.010000   1.745490   4.918706   9.027869  13.893918  19.413366  25.516386  32.151720  39.279649  46.868222
-16.303593 -15.699941 -14.596208 -13.166927 -11.474380  -9.554562  -7.431762  -5.123809  -2.644516  -0.005000   0.010000   1.809781   5.100549   9.361936  14.408247  20.132163  26.461269  33.342408  40.734392  48.604083
-15.218162 -14.654711 -13.624483 -12.290387 -10.710558  -8.918594  -6.937165  -4.782913  -2.468734  -0.005000   0.010000   1.874072   5.282392   9.696003  14.922576  20.850960  27.406152  34.533097  42.189135  50.339944
-14.176807 -13.651925 -12.692217 -11.449441  -9.977753  -8.308450  -6.462652  -4.455861  -2.300089  -0.005000   0.010000   1.938363   5.464234  10.030069  15.436905  21.569756  28.351034  35.723784  43.643875  52.075802
-13.176223 -12.688400 -11.796451 -10.641420  -9.273638  -7.722195  -6.006717  -4.141613  -2.138047  -0.005000   0.010000   2.002654   5.646077  10.364135  15.951234  22.288553  29.295917  36.914473  45.098618  53.811663
-12.215553 -11.763310 -10.936417  -9.865631  -8.597611  -7.159325  -5.568969  -3.839901  -1.982469  -0.005000   0.010000   2.066945   5.827920  10.698202  16.465562  23.007349  30.240799  38.105160  46.553359  55.547522
-11.292325 -10.874276 -10.109904  -9.120078  -7.947932  -6.618394  -5.148283  -3.549948  -1.832954  -0.005000   0.010000   2.131236   6.009763  11.032268  16.979891  23.726146  31.185682  39.295849  48.008101  57.283383
-10.403745 -10.018606  -9.314408  -8.402505  -7.322635  -6.097763  -4.743385  -3.270876  -1.689051  -0.005000   0.010000   2.195528   6.191605  11.366335  17.494221  24.444943  32.130565  40.486538  49.462844  59.019244
 -9.550568  -9.197028  -8.550607  -7.713522  -6.722251  -5.597875  -4.354618  -3.002924  -1.550881  -0.005000   0.010000   2.259819   6.373448  11.700401  18.008549  25.163739  33.075448  41.677226  50.917585  60.755104
 -8.741844  -8.418257  -7.826602  -7.060438  -6.153150  -5.124033  -3.986108  -2.748932  -1.419910  -0.005000   0.010000   2.324110   6.555291  12.034468  18.522878  25.882535  34.020330  42.867914  52.372327  62.490963
 -7.972213  -7.677131  -7.137595  -6.438922  -5.611557  -4.673096  -3.635411  -2.507218  -1.295270  -0.005000   0.010000   2.388401   6.737134  12.368534  19.037207  26.601332  34.965213  44.058601  53.827069  64.226823
 -7.241299  -6.973288  -6.483249  -5.848673  -5.097211  -4.244844  -3.302357  -2.277664  -1.176901  -0.005000   0.010000   2.452692   6.918976  12.702600  19.551536  27.320128  35.910095  45.249289  55.281810  65.962683
 -6.546022  -6.303762  -5.860807  -5.287202  -4.607942  -3.837472  -2.985541  -2.059303  -1.064302  -0.005000   0.010000   2.516983   7.100819  13.036667  20.065865  28.038925  36.854978  46.439978  56.736553  67.698544
 -5.886328  -5.668501  -5.270220  -4.754465  -4.143712  -3.450948  -2.684938  -1.852116  -0.957466  -0.005000   0.010000   2.581274   7.282662  13.370733  20.580194  28.757722  37.799861  47.630666  58.191294  69.434404
 -5.260793  -5.066134  -4.710214  -4.249315  -3.703521  -3.084439  -2.399902  -1.655658  -0.856163  -0.005000   0.010000   2.645565   7.464505  13.704800  21.094523  29.476518  38.744743  48.821354  59.646036  71.170264
 -4.668054  -4.495348  -4.179569  -3.770649  -3.286408  -2.737145  -2.129809  -1.469500  -0.760170  -0.005000   0.010000   2.709856   7.646347  14.038866  21.608852  30.195315  39.689626  50.012042  61.100778  72.906124
 -4.106800  -3.954881  -3.677109  -3.317408  -2.891452  -2.408299  -1.874063  -1.293230  -0.669276  -0.005000   0.010000   2.774148   7.828190  14.372933  22.123181  30.914111  40.634508  51.202730  62.555520  74.641984
 -3.575772  -3.443336  -3.201187  -2.887615  -2.516284  -2.095093  -1.629368  -1.123023  -0.579088  -0.000000   0.000001   2.828810   8.001081  14.698924  22.630473  31.627049  41.574835  52.390278  64.008643  76.377844
 -3.357169  -3.232829  -3.005483  -2.711081  -2.362452  -1.967010  -1.529758  -1.054368  -0.543686  -0.000000   0.000001   2.828810   8.001081  14.698924  22.630473  31.627049  41.574835  52.390278  64.008643  76.377844
 -3.147301  -3.030734  -2.817601  -2.541603  -2.214767  -1.844046  -1.434127  -0.988456  -0.509698  -0.000000   0.000001   2.721658   7.698010  14.142147  21.773258  30.429055  40.000030  50.405798  61.584073  73.484744
 -2.945819  -2.836715  -2.637226  -2.378896  -2.072984  -1.725995  -1.342319  -0.925178  -0.477069  -0.000000   0.000001   2.614506   7.394939  13.585370  20.916043  29.231061  38.425226  48.421318  59.159503  70.591644
 -2.752389  -2.650449  -2.464059  -2.222692  -1.936867  -1.612662  -1.254179  -0.864428  -0.445743  -0.000000   0.000001   2.507354   7.091868  13.028592  20.058829  28.033067  36.850422  46.436838  56.734933  67.698544
 -2.566689  -2.471626  -2.297811  -2.072729  -1.806189  -1.503857  -1.169561  -0.806106  -0.415669  -0.000000   0.000001   2.400203   6.788796  12.471815  19.201614  26.835072  35.275617  44.452357  54.310363  64.805443
 -2.388409  -2.299950  -2.138208  -1.928760  -1.680733  -1.399401  -1.088324  -0.750115  -0.386797  -0.000000   0.000001   2.293051   6.485725  11.915037  18.344399  25.637078  33.700813  42.467877  51.885793  61.912343
 -2.217254  -2.135133  -1.984982  -1.790543  -1.560290  -1.299119  -1.010334  -0.696361  -0.359079  -0.000000   0.000001   2.185899   6.182654  11.358260  17.487184  24.439084  32.126009  40.483397  49.461224  59.019243
 -2.052937  -1.976903  -1.837879  -1.657850  -1.444660  -1.202844  -0.935460  -0.644755  -0.332469  -0.000000   0.000001   2.078747   5.879582  10.801482  16.629969  23.241089  30.551204  38.498916  47.036653  56.126142
 -1.895187  -1.824995  -1.696654  -1.530459  -1.333651  -1.110416  -0.863578  -0.595211  -0.306921  -0.000000   0.000001   1.971595   5.576511  10.244705  15.772754  22.043095  28.976400  36.514436  44.612084  53.233042
 -1.743741  -1.679158  -1.561073  -1.408158  -1.227077  -1.021681  -0.794569  -0.547648  -0.282395  -0.000000   0.000001   1.864443   5.273440   9.687928  14.915539  20.845101  27.401596  34.529956  42.187515  50.339943
 -1.598347  -1.539149  -1.430910  -1.290745  -1.124763  -0.936493  -0.728317  -0.501984  -0.258849  -0.000000   0.000001   1.757291   4.970369   9.131150  14.058324  19.647106  25.826791  32.545475  39.762944  47.446841
 -1.458763  -1.404735  -1.305948  -1.178024  -1.026537  -0.854709  -0.664713  -0.458146  -0.236243  -0.000000   0.000001   1.650140   4.667298   8.574373  13.201109  18.449112  24.251987  30.560995  37.338374  44.553742
 -1.324756  -1.275691  -1.185980  -1.069807  -0.932236  -0.776193  -0.603651  -0.416059  -0.214541  -0.000000   0.000001   1.542988   4.364227   8.017595  12.343895  17.251118  22.677183  28.576516  34.913805  41.660642
 -1.196105  -1.151805  -1.070805  -0.965915  -0.841704  -0.700814  -0.545028  -0.375654  -0.193707  -0.000000   0.000001   1.435836   4.061155   7.460818  11.486680  16.053123  21.102378  26.592034  32.489234  38.767541
 -1.072595  -1.032869  -0.960233  -0.866174  -0.754789  -0.628448  -0.488748  -0.336864  -0.173704  -0.000000   0.000001   1.328684   3.758084   6.904040  10.629464  14.855128  19.527573  24.607553  30.064663  35.874439
 -0.954020  -0.918686  -0.854080  -0.770419  -0.671347  -0.558973  -0.434717  -0.299624  -0.154502  -0.000000   0.000001   1.221532   3.455013   6.347263   9.772250  13.657135  17.952770  22.623075  27.640096  32.981342
 -0.840183  -0.809066  -0.752169  -0.678490  -0.591240  -0.492275  -0.382846  -0.263872  -0.136066  -0.000000   0.000001   1.114380   3.151941   5.790486   8.915035  12.459140  16.377965  20.638594  25.215525  30.088240
 -0.730896  -0.703826  -0.654330  -0.590235  -0.514334  -0.428242  -0.333047  -0.229549  -0.118367  -0.000000   0.000001   1.007228   2.848870   5.233708   8.057820  11.261146  14.803160  18.654113  22.790954  27.195139
 -0.625976  -0.602791  -0.560401  -0.505507  -0.440501  -0.366768  -0.285238  -0.196597  -0.101376  -0.000000   0.000001   0.900077   2.545799   4.676931   7.200606  10.063152  13.228357  16.669634  20.366386  24.302041
 -0.525248  -0.505794  -0.470225  -0.424164  -0.369619  -0.307750  -0.239339  -0.164962  -0.085063  -0.000000   0.000001   0.792925   2.242728   4.120153   6.343390   8.865158  11.653552  14.685153  17.941815  21.408940
 -0.428545  -0.412673  -0.383653  -0.346072  -0.301569  -0.251091  -0.195275  -0.134591  -0.069402  -0.000000   0.000001   0.685773   1.939656   3.563376   5.486175   7.667163  10.078747  12.700672  15.517245  18.515838
 -0.335707  -0.323274  -0.300540  -0.271100  -0.236239  -0.196696  -0.152972  -0.105434  -0.054367  -0.000000   0.000001   0.578621   1.636586   3.006599   4.628961   6.469170   8.503944  10.716194  13.092677  15.622741
 -0.246579  -0.237446  -0.220748  -0.199125  -0.173519  -0.144474  -0.112359  -0.077442  -0.039933  -0.000000   0.000001   0.471469   1.333514   2.449821   3.771746   5.271175   6.929139   8.731712  10.668106  12.729639
 -0.161012  -0.155049  -0.144145  -0.130025  -0.113305  -0.094339  -0.073369  -0.050569  -0.026076  -0.000000   0.000001   0.364317   1.030443   1.893043   2.914530   4.073180   5.354334   6.747231   8.243535   9.836538
 -0.078865  -0.075944  -0.070603  -0.063687  -0.055498  -0.046208  -0.035936  -0.024769  -0.012772  -0.000000   0.000001   0.257165   0.727372   1.336267   2.057316   2.875187   3.779531   4.762753   5.818968   6.943440
  0.000000   0.000000   0.000000   0.000000   0.000000   0.000000   0.000000   0.000000   0.000000   0.000000   0.000000   0.000000   0.000000   0.000000   0.000000   0.000000   0.000000   0.000000   0.000000   0.000000
