-.103477 -.065225 -.074680 -.084431 -.206438 -.255171 -.389612 -.592751 -1.021005 -646.588566 323.680406 44.016989 17.175834 9.679030 6.418504 4.663139 3.592260 2.883050 2.383660 2.015444
-.468587 -.406713 -.492645 -.053484 -.155838 -.154450 -.277331 -.507322 -.782665 -626.082295 313.487971 22.911310 8.639369 4.851629 3.229321 2.355827 1.828138 1.480930 1.238230 1.061102
-.111766 .083417 -.143174 -.070215 -.162209 -.081859 -.184016 -.450392 -.591406 -609.920476 305.361705 15.334015 5.756790 3.256568 2.186963 1.622931 1.284599 1.058171 .895778 .773069
-.342666 -.393978 -.317416 -.391684 -.549446 -.071562 -.137758 -.395009 -.433366 -600.116720 300.517176 11.557809 4.360924 2.511112 1.727115 1.297837 1.033659 .850570 .718242 .616881
-.668042 -.665423 -.590259 -.508002 -.485848 -.226022 -.250559 -.182853 -.292669 -599.453055 300.336703 9.434281 3.612393 2.101773 1.455456 1.096734 .872636 .716289 .600299 .510285
.000000 -1.807242 -.827568 -.757043 -.663733 -.761225 -.690194 -.204536 -.334458 -610.199724 305.782332 8.120672 3.130608 1.827895 1.267711 .955222 .754876 .614189 .509096 .426956
.000000 -.353562 -.674063 -.809575 -.905820 -1.032036 -.671233 -.202031 -.348838 -621.765609 311.634943 7.185952 2.777562 1.628396 1.127230 .843944 .659950 .530301 .433973 .359424
.000000 -.877004 -.407804 -.775306 -.766897 -.517533 -.212376 -.199500 -.368931 -634.276419 317.884616 6.474652 2.507307 1.470522 1.011683 .749829 .579612 .460271 .372237 .304330
.000000 -.876539 -.901842 -.968189 -.746310 -.646683 -.648143 -.197011 -.393317 -646.523083 324.038895 5.907564 2.291329 1.338389 .911264 .667720 .511091 .401876 .321101 .258652
.000000 -2.313154 -.797524 -.996908 -.622718 -.502482 -.222885 -.194424 -.420828 -657.283471 329.301562 5.434094 2.104377 1.218611 .822446 .597068 .452770 .352152 .277369 .219403
.000000 -3.775138 -.867141 -.767766 -.717374 -.820265 -.694002 -.191936 -.451804 -664.783100 333.012995 5.015215 1.931420 1.109728 .743989 .536340 .402122 .308694 .238634 .184156
.000000 -.839961 -.822685 -.734196 -.728352 -.515202 -.154555 -.189665 -.486617 -668.595223 334.898982 4.631807 1.773929 1.012994 .674750 .482353 .357368 .269070 .202712 .151427
.000000 -.661078 -.754074 -.517106 -.730355 -.268762 -.181679 -.187662 -.520609 -668.139380 334.642633 4.279392 1.632934 .927261 .612786 .433480 .315922 .231921 .168780 .120595
.000000 -.788627 -.641910 -.920877 -.600211 -.635295 -.178089 -.185292 -.548594 -664.828572 332.933691 3.963546 1.506886 .849954 .556430 .387555 .276133 .196406 .136597 .091327
.000000 -2.968135 -.659871 -.736273 -.450212 -.207013 -.174887 -.183760 -.568029 -658.906728 329.970682 3.677959 1.392478 .780090 .503986 .343806 .237869 .162408 .106211 .064053
.000000 -.649994 -.644101 -.653167 -.419683 -.434206 -.171541 -.179365 -.579254 -651.204204 326.122892 3.417669 1.288679 .714938 .453663 .301285 .200805 .129945 .077760 .038989
.000000 -.633010 -.687391 -.536974 -.489246 -.571290 -.168136 -.179608 -.585239 -642.401186 321.724505 3.180800 1.192628 .652684 .404876 .259962 .165370 .099509 .051553 .016323
.000000 -.748932 -.688762 -.531681 -.448999 -.177159 -.164854 -.181799 -.589265 -632.598840 316.824261 2.961951 1.101478 .591875 .356950 .220183 .132012 .071418 .027767 -.003925
.000000 -2.522909 -.714065 -.640790 -.498593 -.549906 -.161673 -.186840 -.593600 -621.780618 311.412115 2.757012 1.012944 .532043 .310208 .182358 .101046 .045844 .006483 -.021833
.000000 -.607599 -.657083 -.495810 -.441621 -.174496 -.158098 -.193184 -.600684 -609.963920 305.472160 2.560721 .925629 .472943 .264946 .146817 .072618 .022797 -.012443 -.037583
.000000 -.813974 -.659977 -.731916 -.919714 -.509347 -.154676 -.201522 -.611404 -596.450115 298.677674 2.368631 .838747 .415151 .222052 .114011 .046919 .002285 -.029094 -.051295
.000000 -2.885754 -.617978 -.552771 -.499221 -.458150 -.150924 -.212497 -.625753 -580.461679 290.652635 2.177519 .752216 .359099 .181845 .084015 .023832 -.015904 -.043711 -.063208
.000000 -.701064 -.777615 -.806633 -.893515 -.455858 -.146469 -.226601 -.643526 -561.511123 281.133406 1.986395 .666883 .305607 .144654 .056837 .003247 -.031938 -.056470 -.073502
.000000 -.609697 -.799097 -.585140 -.669736 -.436611 -.142962 -.244683 -.663301 -539.015624 269.839967 1.796057 .584208 .255540 .110710 .032481 -.014940 -.045950 -.067512 -.082320
.000000 -2.435252 -.611844 -.846332 -.746186 -.157478 -.139224 -.266165 -.683936 -512.542019 256.551299 1.606695 .505241 .208995 .079821 .010654 -.031025 -.058212 -.077092 -.089898
.000000 -.721730 -.624601 -.727031 -.859711 -.369737 -.134877 -.290687 -.703163 -482.283564 241.369060 1.421662 .430903 .166409 .052079 -.008667 -.045075 -.068808 -.085297 -.096330
.000000 -.331716 -.380840 -.790556 -.569689 -.555687 -.131319 -.316706 -.717698 -448.713414 224.453449 1.245033 .362036 .127939 .027443 -.025551 -.057182 -.077841 -.092239 -.101735
.000000 -.702760 -.518944 -.477550 -.427756 -.123930 -.128351 -.338526 -.724882 -412.418889 206.212641 1.077974 .298581 .093224 .005616 -.040271 -.067605 -.085548 -.098141 -.106331
.000000 -.129172 -.305221 -.454728 -.305815 -.124503 -.126000 -.346662 -.723768 -374.193576 187.070147 .921408 .240514 .062034 -.013592 -.053034 -.076548 -.092130 -.103200 -.110322
.000000 -.299475 -.479530 -.528614 -.241953 -.125921 -.124379 -.341158 -.714129 -335.165110 167.544564 .776210 .187746 .034223 -.030403 -.064031 -.084200 -.097781 -.107611 -.113905
.000000 -.667721 -.572620 -.500668 -.282621 -.120261 -.124346 -.329241 -.695038 -296.217054 148.069997 .643067 .140370 .009767 -.044884 -.073374 -.090711 -.102670 -.111534 -.117238
.000000 -1.407571 -.447281 -.484131 -.283231 -.113286 -.126000 -.314937 -.666106 -258.031328 128.983973 .521351 .098209 -.011492 -.057228 -.081288 -.096322 -.107021 -.115157 -.120470
.000000 -.588210 -.809616 -.315452 -.231568 -.105267 -.129493 -.298929 -.626980 -221.487289 110.724857 .412021 .061350 -.029598 -.067588 -.087988 -.101260 -.111030 -.118613 -.123669
.000000 -.860200 -.458013 -.735240 -.308836 -.096798 -.135234 -.279066 -.578787 -187.593379 93.797114 .316308 .030038 -.044544 -.076060 -.093657 -.105692 -.114794 -.121926 -.126779
.000000 -1.665537 -.564573 -.668495 -.330222 -.090033 -.143638 -.255956 -.527215 -156.877159 78.465216 .234150 .004178 -.056625 -.082906 -.098611 -.109824 -.118399 -.125095 -.129724
.000000 -.600522 -.737579 -.316637 -.285336 -.081594 -.149502 -.230660 -.469972 -128.353364 64.183548 .161959 -.017593 -.066610 -.089051 -.103481 -.114026 -.122038 -.128208 -.132513
.000000 -.588868 -.528676 -.450698 -.324049 -.072551 -.136807 -.198881 -.405769 -102.585932 51.289691 .101391 -.034945 -.074831 -.094870 -.108418 -.118263 -.125589 -.131129 -.135016
.000000 -.470699 -.488449 -.573517 -.212230 -.061947 -.115845 -.164232 -.340037 -80.365801 40.040654 .053398 -.048190 -.082175 -.100837 -.113500 -.122442 -.128928 -.133752 -.137146
.000000 -.690567 -.689948 -.513058 -.235241 -.050622 -.094560 -.129548 -.279611 -63.219877 31.475353 .020315 -.058218 -.089318 -.106971 -.118455 -.126274 -.131823 -.135899 -.138775
.000000 -1.399199 -.563172 -.414627 -.250687 -.038440 -.072758 -.098812 -.237238 -53.801101 26.776505 .003427 -.066648 -.096700 -.112909 -.122865 -.129450 -.134058 -.137419 -.139798
.000000 -.463602 -.564605 -.352860 -.191688 -.009986 -.055878 -.078860 -.231557 -55.066795 27.422397 .001648 -.074573 -.103461 -.117675 -.126043 -.131492 -.135281 -.138037 -.139994
.000000 -.296653 -.712456 -.433255 -.122006 -.024563 -.054295 -.075604 -.281354 -69.756492 34.786467 .007331 -.080389 -.107586 -.120044 -.127251 -.131918 -.135151 -.137498 -.139173
.000000 -.751587 -1.008283 -.562897 -.531258 -.046285 -.085569 -.117751 -.368124 -91.518708 45.687014 .016485 -.078752 -.105882 -.118229 -.125332 -.129885 -.133011 -.135268 -.136891
.000000 -.197546 -.756244 -.394092 -.300579 -.457509 -.171350 -.198117 -.649668 -901337.318677 450670.023893 .067645 -.059604 -.094272 -.109927 -.118668 -.124158 -.127871 -.130530 -.132454
.000000 -1.518316 -.472274 -.368788 -.193357 -.338887 -.168584 -.203851 -.689616 -883040.703162 441521.637573 .061431 -.058972 -.092454 -.107655 -.116152 -.121486 -.125095 -.127658 -.129515
.000000 -.582900 -1.039968 -.636013 -.745815 -.363076 -.165727 -.211997 -.724621 -862223.423463 431112.928450 .068426 -.054424 -.088498 -.103915 -.112501 -.117871 -.121492 -.124055 -.125917
.000000 -.490531 -.320068 -.432033 -.567304 -.092388 -.163003 -.223123 -.753707 -839869.945985 419936.126539 .075878 -.049551 -.084242 -.099877 -.108550 -.113952 -.117581 -.120144 -.122006
.000000 -.258438 -.332850 -.396016 -.055554 -.095915 -.160360 -.237781 -.781123 -816537.030478 408269.609081 .083823 -.044333 -.079660 -.095514 -.104268 -.109697 -.113330 -.115890 -.117751
.000000 -.244136 -.299653 -.225545 -.056043 -.102302 -.157936 -.256487 -.809110 -792690.421705 396346.246274 .092217 -.038771 -.074745 -.090810 -.099637 -.105087 -.108720 -.111274 -.113132
.000000 -.145189 -.198828 -.077839 -.034389 -.118997 -.155960 -.279684 -.839674 -768323.596355 384162.774501 .101140 -.032788 -.069413 -.085678 -.094568 -.100033 -.103662 -.106208 -.108060
.000000 -.594327 -.293406 -.165805 -.024458 -.172655 -.154623 -.307673 -.874291 -743453.451560 371727.641460 .110506 -.026406 -.063666 -.080113 -.089052 -.094522 -.098143 -.100677 -.102521
.000000 -.287426 -.166106 -.080395 -.231412 -.158829 -.154874 -.340547 -.913815 -717867.492768 358934.599769 .120273 -.019593 -.057453 -.074055 -.083026 -.088492 -.092098 -.094619 -.096453
.000000 -.345236 -.125879 -.066496 -.428220 -.121992 -.157644 -.378161 -.958425 -691174.953946 345588.275098 .130427 -.012291 -.050693 -.067412 -.076395 -.081846 -.085434 -.087938 -.089760
.000000 -.020022 -.182746 .404246 -.686091 -.109311 -.164088 -.419866 -1.007539 -663009.704445 331505.587235 .140909 -.004467 -.043318 -.060105 -.069077 -.074502 -.078066 -.080551 -.082360
.000000 -2.000180 -.160621 -1.130592 -.661575 -.106333 -.175613 -.463340 -1.059713 -633364.517761 316682.931703 .151522 .003890 -.035270 -.052065 -.060998 -.066385 -.069920 -.072382 -.074175
.000000 -.276749 -.052990 -1.288323 -.434169 -.108774 -.193728 -.502082 -1.114400 -602046.531845 301023.875861 .162274 .012958 -.026330 -.043065 -.051930 -.057268 -.060766 -.063204 -.064979
.000000 -.313146 -1.333292 -.771582 -.081446 -.114269 -.219712 -.535850 -1.171592 -568998.452730 284499.771892 .172759 .022721 -.016460 -.033052 -.041818 -.047089 -.050544 -.052950 -.054704
.000000 -1.141134 -1.254934 -.681772 -.047673 -.122237 -.254321 -.567634 -1.230709 -533824.668072 266912.812852 .182975 .033369 -.005427 -.021788 -.030418 -.035606 -.039006 -.041374 -.043101
.000000 -.582412 -.555122 -.648487 -.046003 -.125420 -.297130 -.599337 -1.290011 -496244.751626 248122.689149 .192764 .044973 .006878 -.009148 -.017597 -.022677 -.026008 -.028329 -.030021
.000000 -.477507 -.422068 -.387794 -.050318 -.135524 -.343616 -.630074 -1.346141 -456406.917538 228203.729332 .202063 .057784 .020733 .005154 -.003061 -.008003 -.011245 -.013505 -.015154
.000000 -.360845 -.354714 -.224216 -.057077 -.158109 -.381525 -.657700 -1.394150 -412138.372049 206069.417382 .211158 .072100 .036445 .021444 .013528 .008762 .005634 .003453 .001860
.000000 -.302597 -.230309 -.006213 -.067072 -.196590 -.409466 -.678733 -1.426039 -363175.926235 181588.090508 .220409 .088160 .054277 .040007 .032469 .027927 .024946 .022864 .021345
.000000 -.283756 -.207548 -.010279 -.084099 -.246393 -.427599 -.686889 -1.431086 -311228.733547 155614.506248 .230178 .106261 .074549 .061180 .054111 .049850 .047051 .045097 .043670
.000000 -.266514 -.188477 -.020461 -.114414 -.281500 -.429916 -.674182 -1.409004 -258682.788919 129341.554276 .241033 .126789 .097644 .085354 .078853 .074934 .072358 .070560 .069246
.000000 -.247122 -.167221 -.035101 -.164593 -.288532 -.407512 -.643994 -1.366837 -207293.311837 103646.839187 .253389 .150051 .123838 .112795 .106957 .103437 .101124 .099509 .098329
.000000 -.150509 -.041091 -.070924 -.189807 -.257851 -.369794 -.602337 -1.307568 -158181.076243 79090.752131 .267325 .176089 .153118 .143463 .138364 .135291 .133273 .131865 .130836
.000000 -.117526 -.018515 -.110296 -.150318 -.213967 -.325110 -.550924 -1.232524 -112303.865807 56152.186866 .282892 .205027 .185558 .177397 .173091 .170499 .168798 .167610 .166743
.000000 -.001317 -.040463 -.063924 -.103226 -.165470 -.272053 -.488411 -1.142500 -70433.764470 35217.188873 .299293 .236793 .221220 .214700 .211263 .209195 .207837 .206889 .206198
.000000 .018144 .027066 .001427 -.039132 -.100442 -.203315 -.410469 -1.034922 -32908.792596 16454.772031 .311181 .269597 .259230 .254889 .252601 .251224 .250320 .249689 .249229
.000000 .000000 .000000 .000000 .000000 .000000 .000000 .000000 .000000 .000000 .000000 .000000 .000000 .000000 .000000 .000000 .000000 .000000 .000000 .000000
