 0.000000E+00  0.000000E+00  0.000000E+00  0.000000E+00  0.000000E+00  0.000000E+00  0.000000E+00  0.000000E+00  1.565467E-03  1.034704E-02  0.000000E+00  0.000000E+00  0.000000E+00  0.000000E+00  0.000000E+00  0.000000E+00  0.000000E+00  0.000000E+00  0.000000E+00  0.000000E+00
 0.000000E+00  0.000000E+00  0.000000E+00  0.000000E+00  0.000000E+00  0.000000E+00  0.000000E+00  0.000000E+00  0.000000E+00  0.000000E+00  0.000000E+00  1.151741E-02  3.950976E-04  0.000000E+00  0.000000E+00  0.000000E+00  0.000000E+00  0.000000E+00  0.000000E+00  0.000000E+00
 0.000000E+00  0.000000E+00  0.000000E+00  0.000000E+00  0.000000E+00  0.000000E+00  0.000000E+00  0.000000E+00  2.077374E-03  9.693481E-03  0.000000E+00  0.000000E+00  0.000000E+00  0.000000E+00  0.000000E+00  0.000000E+00  0.000000E+00  0.000000E+00  0.000000E+00  0.000000E+00
 0.000000E+00  0.000000E+00  0.000000E+00  0.000000E+00  0.000000E+00  0.000000E+00  0.000000E+00  0.000000E+00  2.773434E-05  1.234287E-05  0.000000E+00  3.877867E-03  7.812922E-03  3.998802E-05  0.000000E+00  0.000000E+00  0.000000E+00  0.000000E+00  0.000000E+00  0.000000E+00
 0.000000E+00  0.000000E+00  0.000000E+00  0.000000E+00  0.000000E+00  0.000000E+00  0.000000E+00  0.000000E+00  2.229361E-03  9.200999E-03  1.366234E-04  6.395520E-05  4.713689E-07  0.000000E+00  0.000000E+00  0.000000E+00  0.000000E+00  0.000000E+00  0.000000E+00  0.000000E+00
 0.000000E+00  0.000000E+00  0.000000E+00  0.000000E+00  0.000000E+00  0.000000E+00  0.000000E+00  0.000000E+00  5.564695E-05  2.423363E-05  0.000000E+00  1.939150E-03  8.598265E-03  1.014114E-03  0.000000E+00  0.000000E+00  0.000000E+00  0.000000E+00  0.000000E+00  0.000000E+00
 0.000000E+00  0.000000E+00  0.000000E+00  0.000000E+00  0.000000E+00  0.000000E+00  0.000000E+00  0.000000E+00  2.172303E-03  9.074358E-03  5.642359E-06  2.168829E-04  2.401538E-05  0.000000E+00  0.000000E+00  0.000000E+00  0.000000E+00  0.000000E+00  0.000000E+00  0.000000E+00
 0.000000E+00  0.000000E+00  0.000000E+00  0.000000E+00  0.000000E+00  0.000000E+00  0.000000E+00  0.000000E+00  7.771583E-05  3.291924E-05  0.000000E+00  1.223202E-03  8.133285E-03  2.026079E-03  0.000000E+00  0.000000E+00  0.000000E+00  0.000000E+00  0.000000E+00  0.000000E+00
 0.000000E+00  0.000000E+00  0.000000E+00  0.000000E+00  0.000000E+00  0.000000E+00  0.000000E+00  0.000000E+00  1.996620E-03  9.074063E-03  3.268481E-06  1.850862E-04  8.968694E-05  8.445746E-06  0.000000E+00  0.000000E+00  0.000000E+00  0.000000E+00  0.000000E+00  0.000000E+00
 0.000000E+00  0.000000E+00  0.000000E+00  0.000000E+00  0.000000E+00  0.000000E+00  0.000000E+00  0.000000E+00  9.244758E-05  3.797456E-05  1.279400E-05  9.082344E-04  7.363992E-03  2.941728E-03  0.000000E+00  0.000000E+00  0.000000E+00  0.000000E+00  0.000000E+00  0.000000E+00
 0.000000E+00  0.000000E+00  0.000000E+00  0.000000E+00  0.000000E+00  0.000000E+00  0.000000E+00  0.000000E+00  1.887917E-03  8.775007E-03  1.825855E-04  2.016689E-04  1.502506E-04  2.520746E-05  0.000000E+00  0.000000E+00  0.000000E+00  0.000000E+00  0.000000E+00  0.000000E+00
 0.000000E+00  0.000000E+00  0.000000E+00  0.000000E+00  0.000000E+00  0.000000E+00  0.000000E+00  0.000000E+00  1.069371E-04  3.316599E-05  3.001438E-05  7.622297E-04  6.545850E-03  3.744439E-03  0.000000E+00  0.000000E+00  0.000000E+00  0.000000E+00  0.000000E+00  0.000000E+00
 0.000000E+00  0.000000E+00  0.000000E+00  0.000000E+00  0.000000E+00  0.000000E+00  0.000000E+00  3.674120E-05  2.040672E-03  8.366135E-03  1.597990E-04  2.314215E-04  2.070168E-04  4.772254E-05  0.000000E+00  0.000000E+00  0.000000E+00  0.000000E+00  0.000000E+00  0.000000E+00
 0.000000E+00  0.000000E+00  0.000000E+00  0.000000E+00  0.000000E+00  0.000000E+00  0.000000E+00  0.000000E+00  1.407900E-04  1.047443E-05  4.281428E-05  6.906166E-04  5.762838E-03  4.441975E-03  0.000000E+00  0.000000E+00  0.000000E+00  0.000000E+00  0.000000E+00  0.000000E+00
 0.000000E+00  0.000000E+00  0.000000E+00  0.000000E+00  0.000000E+00  0.000000E+00  3.587785E-06  6.405083E-05  2.177673E-03  7.965576E-03  1.528413E-04  2.611025E-04  2.587534E-04  7.417660E-05  0.000000E+00  0.000000E+00  0.000000E+00  0.000000E+00  0.000000E+00  0.000000E+00
 0.000000E+00  0.000000E+00  0.000000E+00  0.000000E+00  0.000000E+00  0.000000E+00  0.000000E+00  9.252670E-07  1.729439E-04  1.482781E-05  5.250455E-05  6.338291E-04  5.086041E-03  4.996689E-03  0.000000E+00  0.000000E+00  0.000000E+00  0.000000E+00  0.000000E+00  0.000000E+00
 0.000000E+00  0.000000E+00  0.000000E+00  0.000000E+00  0.000000E+00  6.565050E-07  8.827435E-06  8.200741E-05  2.302750E-03  7.586876E-03  1.475772E-04  2.901157E-04  3.057982E-04  1.026031E-04  0.000000E+00  0.000000E+00  0.000000E+00  0.000000E+00  0.000000E+00  0.000000E+00
 0.000000E+00  0.000000E+00  0.000000E+00  0.000000E+00  0.000000E+00  4.630132E-09  8.721797E-08  2.458176E-06  2.024787E-04  1.979838E-05  6.316564E-05  6.042885E-04  4.498529E-03  5.436401E-03  0.000000E+00  0.000000E+00  0.000000E+00  0.000000E+00  0.000000E+00  0.000000E+00
 0.000000E+00  0.000000E+00  0.000000E+00  0.000000E+00  1.193641E-07  1.510297E-06  1.492448E-05  9.113959E-05  2.419876E-03  7.228429E-03  1.439104E-04  3.183643E-04  3.481815E-04  1.316534E-04  0.000000E+00  0.000000E+00  0.000000E+00  0.000000E+00  0.000000E+00  0.000000E+00
 0.000000E+00  0.000000E+00  0.000000E+00  0.000000E+00  6.503978E-10  2.061250E-08  3.021480E-07  4.289794E-06  2.288097E-04  2.520491E-05  7.379321E-05  5.915688E-04  3.997133E-03  5.776986E-03  0.000000E+00  0.000000E+00  0.000000E+00  0.000000E+00  0.000000E+00  0.000000E+00
 0.000000E+00  0.000000E+00  0.000000E+00  3.468813E-08  4.242764E-07  3.711455E-06  1.965684E-05  9.185771E-05  2.530992E-03  6.890223E-03  1.407332E-04  3.457836E-04  3.863800E-04  1.607080E-04  0.000000E+00  0.000000E+00  0.000000E+00  0.000000E+00  0.000000E+00  0.000000E+00
 0.000000E+00  0.000000E+00  0.000000E+00  3.683595E-10  6.410394E-09  6.616546E-08  6.621136E-07  6.108137E-06  2.514843E-04  3.104098E-05  8.228622E-05  5.888301E-04  3.546214E-03  6.063806E-03  0.000000E+00  0.000000E+00  0.000000E+00  0.000000E+00  0.000000E+00  0.000000E+00
 0.000000E+00  0.000000E+00  1.320815E-08  1.413914E-07  8.775985E-07  5.144713E-06  2.433724E-05  8.593430E-05  2.638106E-03  6.569068E-03  1.386586E-04  3.717556E-04  4.202932E-04  1.897045E-04  0.000000E+00  0.000000E+00  0.000000E+00  0.000000E+00  0.000000E+00  0.000000E+00
 0.000000E+00  0.000000E+00  1.610487E-10  2.193902E-09  1.591816E-08  1.551497E-07  1.080287E-06  7.726502E-06  2.704687E-04  3.692698E-05  9.033627E-05  5.911534E-04  3.142404E-03  6.303765E-03  0.000000E+00  0.000000E+00  0.000000E+00  0.000000E+00  0.000000E+00  0.000000E+00
 0.000000E+00  7.160462E-09  5.907935E-08  3.139193E-07  1.698183E-06  7.946787E-06  2.607540E-05  7.690376E-05  2.741269E-03  6.262675E-03  1.372265E-04  3.955369E-04  4.503590E-04  2.186566E-04  0.000000E+00  0.000000E+00  0.000000E+00  0.000000E+00  0.000000E+00  0.000000E+00
 0.000000E+00  9.303727E-11  1.050766E-09  6.522544E-09  3.996266E-08  2.773906E-07  1.649708E-06  8.845433E-06  2.860781E-04  4.255572E-05  9.853502E-05  5.965615E-04  2.806780E-03  6.457670E-03  1.972674E-05  0.000000E+00  0.000000E+00  0.000000E+00  0.000000E+00  0.000000E+00
 6.892983E-09  2.972827E-08  1.703780E-07  7.291468E-07  3.171912E-06  9.809938E-06  2.651910E-05  7.033778E-05  2.836773E-03  5.969069E-03  1.355198E-04  4.170599E-04  4.774319E-04  2.470018E-04  3.222355E-07  0.000000E+00  0.000000E+00  0.000000E+00  0.000000E+00  0.000000E+00
 1.448483E-10  5.671453E-10  4.424313E-09  1.621615E-08  9.254967E-08  4.554676E-07  2.191289E-06  9.516431E-06  2.987901E-04  4.769857E-05  1.067426E-04  6.038946E-04  2.531075E-03  6.536578E-03  5.689762E-05  0.000000E+00  0.000000E+00  0.000000E+00  0.000000E+00  0.000000E+00
 3.525666E-08  9.713002E-08  2.884755E-07  1.359952E-06  3.791597E-06  1.203411E-05  2.613214E-05  6.835593E-05  2.915436E-03  5.694713E-03  1.298576E-04  4.378141E-04  5.031662E-04  2.756977E-04  1.152117E-06  0.000000E+00  0.000000E+00  0.000000E+00  0.000000E+00  0.000000E+00
 7.453354E-10  2.592935E-09  6.909958E-09  3.805893E-08  1.664344E-07  6.600184E-07  2.681380E-06  9.817666E-06  3.078564E-04  5.352976E-05  1.085590E-04  6.117616E-04  2.289834E-03  6.532639E-03  1.523785E-04  0.000000E+00  0.000000E+00  0.000000E+00  0.000000E+00  0.000000E+00
 3.394262E-08  2.084130E-07  6.461993E-07  2.081596E-06  5.505456E-06  1.250594E-05  2.545928E-05  7.667175E-05  2.976551E-03  5.430093E-03  1.260707E-04  4.576597E-04  5.269660E-04  3.030713E-04  3.357358E-06  0.000000E+00  0.000000E+00  0.000000E+00  0.000000E+00  0.000000E+00
 1.619452E-09  2.353185E-09  1.893946E-08  7.735583E-08  2.525539E-07  9.375298E-07  3.033850E-06  9.931622E-06  3.142156E-04  5.809389E-05  1.135634E-04  6.169855E-04  2.091557E-03  6.482164E-03  2.560462E-04  0.000000E+00  0.000000E+00  0.000000E+00  0.000000E+00  0.000000E+00
 2.332721E-07  3.780463E-07  1.129265E-06  2.893449E-06  6.251227E-06  1.311913E-05  2.512444E-05  9.448824E-05  3.017379E-03  5.179577E-03  1.210607E-04  4.771609E-04  5.493383E-04  3.296256E-04  6.680634E-06  0.000000E+00  0.000000E+00  0.000000E+00  0.000000E+00  0.000000E+00
 5.117097E-09  9.337277E-09  3.419577E-08  1.293278E-07  3.783626E-07  1.148947E-06  3.333381E-06  1.010834E-05  3.173564E-04  6.283937E-05  1.177035E-04  6.217449E-04  1.925348E-03  6.389566E-03  3.747342E-04  0.000000E+00  0.000000E+00  0.000000E+00  0.000000E+00  0.000000E+00
 5.884424E-07  6.199548E-07  1.672340E-06  3.429215E-06  6.242116E-06  1.418013E-05  2.541284E-05  1.196455E-04  3.037912E-03  4.943298E-03  1.155402E-04  4.966449E-04  5.705422E-04  3.553486E-04  1.115472E-05  0.000000E+00  0.000000E+00  0.000000E+00  0.000000E+00  0.000000E+00
 1.636758E-08  1.735703E-08  6.502882E-08  1.910259E-07  5.114508E-07  1.323260E-06  3.562506E-06  1.052239E-05  3.169467E-04  6.758281E-05  1.211102E-04  6.259224E-04  1.785294E-03  6.261700E-03  5.074663E-04  0.000000E+00  0.000000E+00  0.000000E+00  0.000000E+00  0.000000E+00
 1.163191E-06  9.815395E-07  2.067611E-06  3.809138E-06  7.479512E-06  1.376347E-05  2.631215E-05  1.508341E-04  3.040530E-03  4.719720E-03  1.106569E-04  5.160087E-04  5.905520E-04  3.798618E-04  1.682384E-05  0.000000E+00  0.000000E+00  0.000000E+00  0.000000E+00  0.000000E+00
 3.435825E-08  3.171943E-08  1.034859E-07  2.706020E-07  6.223886E-07  1.569049E-06  3.642947E-06  1.125974E-05  3.132955E-04  7.174209E-05  1.254656E-04  6.296448E-04  1.668952E-03  6.113251E-03  6.406794E-04  0.000000E+00  0.000000E+00  0.000000E+00  0.000000E+00  0.000000E+00
 1.119526E-06  1.861610E-06  2.454709E-06  4.315507E-06  7.211474E-06  1.472102E-05  2.763390E-05  1.869903E-04  3.027567E-03  4.507632E-03  1.064494E-04  5.350064E-04  6.092817E-04  4.030117E-04  2.348973E-05  0.000000E+00  0.000000E+00  0.000000E+00  0.000000E+00  0.000000E+00
 6.279632E-08  6.790784E-09  1.975271E-07  3.444697E-07  7.521966E-07  1.674285E-06  3.784883E-06  1.232066E-05  3.068499E-04  7.522229E-05  1.310173E-04  6.335454E-04  1.573269E-03  5.955965E-03  7.637338E-04  0.000000E+00  0.000000E+00  0.000000E+00  0.000000E+00  0.000000E+00
 2.868346E-06  1.344160E-06  2.835020E-06  4.531499E-06  8.134622E-06  1.429720E-05  2.894357E-05  2.243794E-04  2.999492E-03  4.311599E-03  1.009250E-04  5.540973E-04  6.272150E-04  4.256053E-04  3.088217E-05  0.000000E+00  0.000000E+00  0.000000E+00  0.000000E+00  0.000000E+00
 9.053982E-08  5.132361E-08  2.460454E-07  4.299965E-07  8.385219E-07  1.861001E-06  3.792988E-06  1.365347E-05  2.970999E-04  7.913334E-05  1.345493E-04  6.378868E-04  1.492318E-03  5.783278E-03  8.919188E-04  0.000000E+00  0.000000E+00  0.000000E+00  0.000000E+00  0.000000E+00
 3.974562E-06  1.694667E-06  2.600013E-06  4.078315E-06  8.626652E-06  1.525978E-05  2.982118E-05  2.635306E-04  2.958920E-03  4.127498E-03  9.645196E-05  5.728870E-04  6.443008E-04  4.471057E-04  3.906254E-05  0.000000E+00  0.000000E+00  0.000000E+00  0.000000E+00  0.000000E+00
 1.603979E-07  7.588913E-08  2.920251E-07  4.815732E-07  8.734046E-07  1.994817E-06  3.877940E-06  1.512184E-05  2.850532E-04  8.191729E-05  1.390824E-04  6.420376E-04  1.425501E-03  5.609885E-03  1.009458E-03  0.000000E+00  0.000000E+00  0.000000E+00  0.000000E+00  0.000000E+00
 3.824326E-06  2.175475E-06  3.555265E-06  4.527605E-06  8.317348E-06  1.586483E-05  2.975964E-05  3.030552E-04  2.906149E-03  3.957032E-03  9.145320E-05  5.914828E-04  6.607665E-04  4.678052E-04  4.778663E-05  0.000000E+00  0.000000E+00  0.000000E+00  0.000000E+00  0.000000E+00
 2.557799E-07  0.000000E+00  4.098970E-07  5.491879E-07  9.655166E-07  2.021671E-06  3.918279E-06  1.661856E-05  2.707893E-04  8.451678E-05  1.428198E-04  6.460834E-04  1.369694E-03  5.435778E-03  1.119134E-03  0.000000E+00  0.000000E+00  0.000000E+00  0.000000E+00  0.000000E+00
 5.771861E-06  1.797827E-06  2.884680E-06  4.533372E-06  8.626922E-06  1.635679E-05  2.817172E-05  3.411283E-04  2.841087E-03  3.802423E-03  8.541721E-05  6.103477E-04  6.770470E-04  4.880418E-04  5.695315E-05  0.000000E+00  0.000000E+00  0.000000E+00  0.000000E+00  0.000000E+00
 3.435280E-07  4.727705E-08  3.907549E-07  6.022140E-07  9.551971E-07  2.152433E-06  3.882940E-06  1.797977E-05  2.542349E-04  8.715097E-05  1.449102E-04  6.496715E-04  1.322429E-03  5.258963E-03  1.226876E-03  0.000000E+00  0.000000E+00  0.000000E+00  0.000000E+00  0.000000E+00
 7.282372E-06  1.175090E-06  3.231099E-06  4.396298E-06  8.674475E-06  1.646892E-05  2.496530E-05  3.800386E-04  2.765248E-03  3.659463E-03  8.042007E-05  6.292839E-04  6.931617E-04  5.071895E-04  6.649543E-05  0.000000E+00  0.000000E+00  0.000000E+00  0.000000E+00  0.000000E+00
 4.775263E-07  7.743257E-08  3.647786E-07  6.496196E-07  9.873241E-07  2.155774E-06  3.798295E-06  1.911495E-05  2.367334E-04  8.826728E-05  1.483332E-04  6.525848E-04  1.283966E-03  5.094969E-03  1.315014E-03  0.000000E+00  0.000000E+00  0.000000E+00  0.000000E+00  0.000000E+00
 7.006749E-06  2.652850E-06  2.760751E-06  5.149585E-06  9.487585E-06  1.482873E-05  2.190856E-05  4.118786E-04  2.678162E-03  3.535587E-03  7.332729E-05  6.493054E-04  7.096296E-04  5.260394E-04  7.611512E-05  0.000000E+00  0.000000E+00  0.000000E+00  0.000000E+00  0.000000E+00
 6.446942E-07  0.000000E+00  4.209208E-07  6.120295E-07  9.898359E-07  2.254417E-06  3.565612E-06  1.987669E-05  2.173689E-04  9.022070E-05  1.491340E-04  6.549307E-04  1.251348E-03  4.932855E-03  1.399618E-03  0.000000E+00  0.000000E+00  0.000000E+00  0.000000E+00  0.000000E+00
 9.291943E-06  1.429063E-06  2.753631E-06  4.742996E-06  9.471132E-06  1.432283E-05  1.946313E-05  4.330695E-04  2.578541E-03  3.433127E-03  6.525792E-05  6.710932E-04  7.267157E-04  5.445898E-04  8.586885E-05  0.000000E+00  0.000000E+00  0.000000E+00  0.000000E+00  0.000000E+00
 7.980121E-07  4.328920E-08  3.611146E-07  6.094443E-07  9.697947E-07  2.202815E-06  3.362408E-06  2.005978E-05  1.961303E-04  9.197439E-05  1.483428E-04  6.561860E-04  1.223474E-03  4.771672E-03  1.483552E-03  0.000000E+00  0.000000E+00  0.000000E+00  0.000000E+00  0.000000E+00
 1.031283E-05  1.368925E-06  2.719153E-06  5.157191E-06  8.553946E-06  1.361789E-05  1.749424E-05  4.473360E-04  2.465375E-03  3.340277E-03  6.644815E-05  6.942816E-04  7.440841E-04  5.619561E-04  9.568080E-05  0.000000E+00  0.000000E+00  0.000000E+00  0.000000E+00  0.000000E+00
 1.003274E-06  6.176349E-08  3.538081E-07  4.783614E-07  1.027333E-06  1.901043E-06  3.289397E-06  1.974203E-05  1.744893E-04  9.165429E-05  1.492234E-04  6.563327E-04  1.200806E-03  4.627024E-03  1.547276E-03  0.000000E+00  0.000000E+00  0.000000E+00  0.000000E+00  0.000000E+00
 1.120129E-05  1.530796E-06  3.154993E-06  4.952163E-06  8.491249E-06  1.179091E-05  1.592109E-05  4.545672E-04  2.345617E-03  1.986483E-03  1.341224E-03  7.191946E-04  7.616846E-04  5.782126E-04  1.051276E-04  0.000000E+00  0.000000E+00  0.000000E+00  0.000000E+00  0.000000E+00
 1.079993E-06  1.946393E-07  3.024550E-07  5.097721E-07  9.519389E-07  1.810512E-06  2.909678E-06  1.904578E-05  1.528486E-04  9.039047E-05  1.505918E-04  6.559997E-04  1.182825E-03  4.503640E-03  1.586053E-03  0.000000E+00  0.000000E+00  0.000000E+00  0.000000E+00  0.000000E+00
 1.224583E-05  1.971291E-06  2.738603E-06  4.925335E-06  8.158539E-06  1.019897E-05  1.467765E-05  4.503743E-04  2.240100E-03  0.000000E+00  3.215820E-03  7.740415E-04  7.794473E-04  5.935119E-04  1.137726E-04  0.000000E+00  0.000000E+00  0.000000E+00  0.000000E+00  0.000000E+00
 9.611993E-07  5.133413E-07  3.126225E-07  4.869596E-07  9.275690E-07  1.601713E-06  2.608695E-06  1.777886E-05  1.314504E-04  8.859191E-05  1.513094E-04  6.555266E-04  1.168639E-03  4.400554E-03  1.600721E-03  0.000000E+00  0.000000E+00  0.000000E+00  0.000000E+00  0.000000E+00
 1.366990E-05  1.391408E-06  2.583512E-06  5.201597E-06  7.470784E-06  8.794678E-06  1.396277E-05  4.320732E-04  2.145950E-03  5.355762E-06  3.052882E-03  8.769937E-04  7.975698E-04  6.082219E-04  1.213442E-04  0.000000E+00  0.000000E+00  0.000000E+00  0.000000E+00  0.000000E+00
 6.762223E-07  8.167103E-07  4.730087E-07  4.779217E-07  8.883446E-07  1.402826E-06  2.306124E-06  1.588956E-05  1.105314E-04  8.675405E-05  1.499663E-04  6.546373E-04  1.157683E-03  4.313945E-03  1.597017E-03  0.000000E+00  0.000000E+00  0.000000E+00  0.000000E+00  0.000000E+00
 1.437716E-05  1.287645E-06  2.594289E-06  5.125291E-06  6.870763E-06  7.529775E-06  1.327444E-05  4.135634E-04  2.033363E-03  2.770944E-05  2.868933E-03  1.004388E-03  8.161726E-04  6.222797E-04  1.276696E-04  0.000000E+00  0.000000E+00  0.000000E+00  0.000000E+00  0.000000E+00
 3.517353E-07  8.620556E-07  8.030795E-07  5.796462E-07  8.161714E-07  1.241532E-06  2.010050E-06  1.347794E-05  9.084253E-05  8.404619E-05  1.478485E-04  6.527136E-04  1.150368E-03  4.248043E-03  1.571134E-03  0.000000E+00  0.000000E+00  0.000000E+00  0.000000E+00  0.000000E+00
 1.380660E-05  2.170148E-06  3.038106E-06  4.662928E-06  6.221282E-06  6.424415E-06  1.271012E-05  3.923011E-04  1.900524E-03  5.449712E-05  2.682054E-03  1.153326E-03  8.351667E-04  6.356575E-04  1.324970E-04  0.000000E+00  0.000000E+00  0.000000E+00  0.000000E+00  0.000000E+00
 9.015769E-08  7.104763E-07  1.035434E-06  7.940944E-07  8.243606E-07  1.091838E-06  1.734821E-06  1.081713E-05  7.222988E-05  8.067858E-05  1.443818E-04  6.496303E-04  1.145957E-03  4.200257E-03  1.524824E-03  0.000000E+00  0.000000E+00  0.000000E+00  0.000000E+00  0.000000E+00
 1.531629E-05  1.599647E-06  2.874288E-06  4.054375E-06  5.458987E-06  5.605578E-06  1.194722E-05  3.666347E-04  1.746673E-03  8.531884E-05  2.496234E-03  1.323640E-03  8.548849E-04  6.486416E-04  1.357367E-04  0.000000E+00  0.000000E+00  0.000000E+00  0.000000E+00  0.000000E+00
 0.000000E+00  4.110546E-07  7.798703E-07  1.228852E-06  9.892029E-07  1.002670E-06  1.477121E-06  8.113285E-06  5.479580E-05  7.643221E-05  1.393433E-04  6.453207E-04  1.144178E-03  4.167733E-03  1.462815E-03  0.000000E+00  0.000000E+00  0.000000E+00  0.000000E+00  0.000000E+00
 1.575148E-05  1.869740E-06  2.059057E-06  3.927962E-06  4.917365E-06  5.007040E-06  1.101070E-05  3.360502E-04  1.574846E-03  1.143458E-04  2.320878E-03  1.508653E-03  8.750259E-04  6.606449E-04  1.372214E-04  0.000000E+00  0.000000E+00  0.000000E+00  0.000000E+00  0.000000E+00
 0.000000E+00  3.007374E-07  4.775170E-07  9.288869E-07  1.423036E-06  1.092009E-06  1.279463E-06  5.667078E-06  3.948894E-05  7.021160E-05  1.340990E-04  6.397343E-04  1.145102E-03  4.153791E-03  1.378613E-03  0.000000E+00  0.000000E+00  0.000000E+00  0.000000E+00  0.000000E+00
 1.507696E-05  2.156188E-06  2.279143E-06  3.648184E-06  4.477773E-06  4.560604E-06  1.000877E-05  3.028295E-04  1.398116E-03  1.295294E-04  2.177467E-03  1.687879E-03  8.947198E-04  6.702991E-04  1.364487E-04  0.000000E+00  0.000000E+00  0.000000E+00  0.000000E+00  0.000000E+00
 0.000000E+00  2.588546E-07  2.980541E-07  6.539019E-07  1.175761E-06  1.479461E-06  1.269178E-06  3.923325E-06  2.814680E-05  6.105037E-05  1.320030E-04  6.346299E-04  1.150909E-03  4.179389E-03  1.244310E-03  0.000000E+00  0.000000E+00  0.000000E+00  0.000000E+00  0.000000E+00
 1.607616E-05  1.253773E-06  2.377370E-06  2.986247E-06  3.943381E-06  4.262230E-06  8.954850E-06  2.661385E-04  1.215198E-03  1.472224E-04  2.043385E-03  1.868472E-03  9.141496E-04  6.785043E-04  1.328372E-04  0.000000E+00  0.000000E+00  0.000000E+00  0.000000E+00  0.000000E+00
 0.000000E+00  1.866621E-07  4.012765E-07  3.554059E-07  7.886164E-07  1.309051E-06  1.584768E-06  2.601998E-06  1.895996E-05  5.375347E-05  1.282585E-04  6.302283E-04  1.171462E-03  4.206457E-03  1.089415E-03  0.000000E+00  0.000000E+00  0.000000E+00  0.000000E+00  0.000000E+00
 1.652640E-05  9.428355E-07  2.041635E-06  2.507978E-06  3.519359E-06  4.079750E-06  7.889979E-06  2.268266E-04  1.030281E-03  1.603597E-04  1.924068E-03  2.046349E-03  9.340222E-04  6.844589E-04  1.264543E-04  0.000000E+00  0.000000E+00  0.000000E+00  0.000000E+00  0.000000E+00
 0.000000E+00  1.279349E-07  3.838386E-07  4.312892E-07  4.633561E-07  8.404940E-07  1.378909E-06  1.939797E-06  1.193160E-05  4.622087E-05  1.248013E-04  6.274161E-04  1.235525E-03  4.172675E-03  9.461916E-04  0.000000E+00  0.000000E+00  0.000000E+00  0.000000E+00  0.000000E+00
 1.663273E-05  8.634936E-07  1.395504E-06  2.487565E-06  3.058836E-06  3.842909E-06  6.822250E-06  1.856061E-04  8.454413E-04  1.713306E-04  1.817673E-03  2.214795E-03  9.588273E-04  6.866867E-04  1.181949E-04  0.000000E+00  0.000000E+00  0.000000E+00  0.000000E+00  0.000000E+00
 0.000000E+00  4.392412E-08  4.352416E-07  3.329684E-07  5.036358E-07  5.677938E-07  8.746087E-07  1.465886E-06  7.167487E-06  6.446207E-07  1.578351E-04  6.266997E-04  1.323969E-03  4.095203E-03  8.179145E-04  0.000000E+00  0.000000E+00  0.000000E+00  0.000000E+00  0.000000E+00
 1.657540E-05  4.680839E-07  1.173174E-06  2.403344E-06  2.736706E-06  3.503783E-06  5.756668E-06  1.442145E-04  6.655825E-04  1.753898E-04  1.721495E-03  2.372765E-03  9.869341E-04  6.836607E-04  1.086840E-04  0.000000E+00  0.000000E+00  0.000000E+00  0.000000E+00  0.000000E+00
 0.000000E+00  0.000000E+00  3.874285E-07  2.654284E-07  5.019338E-07  5.262817E-07  6.545659E-07  9.369500E-07  5.158407E-06  1.203005E-06  1.425831E-04  6.279104E-04  1.421690E-03  3.985161E-03  7.043656E-04  0.000000E+00  0.000000E+00  0.000000E+00  0.000000E+00  0.000000E+00
 1.582153E-05  6.205668E-07  1.115054E-06  2.173686E-06  2.592897E-06  3.079245E-06  4.726645E-06  1.047479E-04  4.961434E-04  1.732933E-04  1.630222E-03  2.523832E-03  1.019565E-03  6.762305E-04  9.871274E-05  0.000000E+00  0.000000E+00  0.000000E+00  0.000000E+00  0.000000E+00
 0.000000E+00  0.000000E+00  2.918902E-07  2.214977E-07  4.536718E-07  4.521316E-07  6.117855E-07  7.242784E-07  3.372737E-06  1.485213E-06  1.292809E-04  6.292782E-04  1.511608E-03  3.868597E-03  6.064977E-04  0.000000E+00  0.000000E+00  0.000000E+00  0.000000E+00  0.000000E+00
 1.556147E-05  3.073865E-07  9.620381E-07  1.989303E-06  2.444328E-06  2.625146E-06  3.749551E-06  6.926088E-05  3.416768E-04  1.630594E-04  1.535076E-03  2.664359E-03  1.054614E-03  6.637064E-04  8.856768E-05  0.000000E+00  0.000000E+00  0.000000E+00  0.000000E+00  0.000000E+00
 0.000000E+00  0.000000E+00  1.794165E-07  2.457449E-07  3.639740E-07  3.599652E-07  5.356816E-07  6.199671E-07  2.165802E-06  1.575257E-06  1.166094E-04  6.274926E-04  1.581205E-03  3.754776E-03  5.218300E-04  0.000000E+00  0.000000E+00  0.000000E+00  0.000000E+00  0.000000E+00
 1.500579E-05  1.311116E-07  8.935767E-07  1.874817E-06  2.251382E-06  2.173359E-06  2.887150E-06  4.017302E-05  2.089459E-04  1.433683E-04  1.429362E-03  2.792863E-03  1.093029E-03  6.474696E-04  7.869223E-05  0.000000E+00  0.000000E+00  0.000000E+00  0.000000E+00  0.000000E+00
 0.000000E+00  0.000000E+00  5.975376E-08  3.384608E-07  1.528660E-07  3.700782E-07  4.331747E-07  4.881346E-07  1.297386E-06  1.508640E-06  1.033126E-04  6.193081E-04  1.626073E-03  3.656524E-03  4.492541E-04  0.000000E+00  0.000000E+00  0.000000E+00  0.000000E+00  0.000000E+00
 1.429456E-05  9.827278E-08  7.478872E-07  1.756500E-06  1.856812E-06  2.002124E-06  2.173216E-06  1.961504E-05  1.075059E-04  1.108799E-04  1.301349E-03  2.901426E-03  1.142312E-03  6.295292E-04  6.942375E-05  0.000000E+00  0.000000E+00  0.000000E+00  0.000000E+00  0.000000E+00
 0.000000E+00  0.000000E+00  0.000000E+00  3.136365E-07  9.915549E-08  2.998277E-07  2.758366E-07  4.120947E-07  5.464562E-07  1.458648E-06  8.651863E-05  6.038194E-04  1.639455E-03  3.584252E-03  3.875196E-04  0.000000E+00  0.000000E+00  0.000000E+00  0.000000E+00  0.000000E+00
 1.367424E-05  5.497681E-07  1.009751E-06  1.481452E-06  1.481061E-06  1.819689E-06  2.385195E-06  1.805453E-05  1.266370E-04  1.319459E-03  2.372325E-04  2.664221E-03  1.100166E-03  5.998304E-04  6.150833E-05  0.000000E+00  0.000000E+00  0.000000E+00  0.000000E+00  0.000000E+00
 3.637078E-07  1.462275E-08  1.718830E-07  2.247121E-07  1.593140E-07  3.098605E-07  3.025812E-07  8.590446E-07  5.544678E-06  1.169631E-04  5.658432E-05  7.750124E-04  1.932441E-03  2.962773E-03  2.977847E-04  0.000000E+00  0.000000E+00  0.000000E+00  0.000000E+00  0.000000E+00
 1.350953E-05  6.894651E-07  9.804533E-07  1.239703E-06  1.247603E-06  1.651994E-06  2.405682E-06  1.673377E-05  1.546036E-04  1.447605E-03  1.352854E-04  2.481358E-03  1.073143E-03  6.015414E-04  5.989677E-05  0.000000E+00  0.000000E+00  0.000000E+00  0.000000E+00  0.000000E+00
 7.042865E-07  1.450160E-07  1.831781E-07  1.966099E-07  1.897756E-07  3.115472E-07  3.344977E-07  1.239718E-06  1.333613E-05  1.991399E-04  4.374620E-05  8.783973E-04  1.969778E-03  2.627707E-03  2.564819E-04  0.000000E+00  0.000000E+00  0.000000E+00  0.000000E+00  0.000000E+00
 1.348117E-05  1.422119E-07  1.270893E-06  9.847744E-07  1.223681E-06  1.529075E-06  2.290360E-06  1.561711E-05  1.902850E-04  1.463210E-03  1.314470E-04  2.312314E-03  1.047870E-03  5.921528E-04  5.719351E-05  0.000000E+00  0.000000E+00  0.000000E+00  0.000000E+00  0.000000E+00
 1.163088E-06  1.276585E-07  1.590521E-07  1.788239E-07  2.302946E-07  3.139135E-07  3.601232E-07  1.569283E-06  2.446225E-05  2.622282E-04  5.058831E-05  9.708048E-04  1.977609E-03  2.321404E-03  2.198124E-04  0.000000E+00  0.000000E+00  0.000000E+00  0.000000E+00  0.000000E+00
 1.293028E-05  9.340282E-07  7.041603E-07  8.259755E-07  1.201620E-06  1.342496E-06  2.080600E-06  1.467728E-05  2.345847E-04  1.463782E-03  1.279886E-04  2.156266E-03  1.022620E-03  5.736551E-04  5.368331E-05  0.000000E+00  0.000000E+00  0.000000E+00  0.000000E+00  0.000000E+00
 1.565055E-06  1.425273E-07  1.327373E-07  1.696583E-07  2.630264E-07  2.980144E-07  3.725775E-07  1.860259E-06  3.997995E-05  3.242821E-04  5.744851E-05  1.051532E-03  1.959714E-03  2.042140E-03  1.873747E-04  0.000000E+00  0.000000E+00  0.000000E+00  0.000000E+00  0.000000E+00
 1.314234E-05  5.121435E-07  5.318971E-07  8.614871E-07  9.920129E-07  1.178081E-06  1.805954E-06  1.387907E-05  2.882684E-04  1.447926E-03  1.248845E-04  2.010758E-03  9.952852E-04  5.474406E-04  4.957296E-05  0.000000E+00  0.000000E+00  0.000000E+00  0.000000E+00  0.000000E+00
 1.961795E-06  1.099432E-07  1.192260E-07  2.052336E-07  2.431779E-07  2.824579E-07  3.678433E-07  2.121096E-06  6.107147E-05  3.832711E-04  6.426325E-05  1.119253E-03  1.918228E-03  1.786874E-03  1.586673E-04  0.000000E+00  0.000000E+00  0.000000E+00  0.000000E+00  0.000000E+00
 1.293677E-05  3.926204E-07  5.456850E-07  7.505065E-07  8.302199E-07  1.025939E-06  1.552351E-06  1.398460E-05  3.504845E-04  1.417615E-03  1.219091E-04  1.876579E-03  9.656690E-04  5.157291E-04  4.513102E-05  0.000000E+00  0.000000E+00  0.000000E+00  0.000000E+00  0.000000E+00
 2.297663E-06  9.809269E-08  1.413656E-07  2.004478E-07  2.227914E-07  2.657990E-07  3.555518E-07  2.550335E-06  8.864227E-05  4.378033E-04  7.085633E-05  1.174203E-03  1.857900E-03  1.556058E-03  1.335405E-04  0.000000E+00  0.000000E+00  0.000000E+00  0.000000E+00  0.000000E+00
 1.261262E-05  4.256669E-07  4.991848E-07  6.079795E-07  6.919962E-07  8.876724E-07  1.347739E-06  1.701941E-05  4.183997E-04  1.372643E-03  1.194135E-04  1.751226E-03  9.323384E-04  4.795868E-04  4.049502E-05  0.000000E+00  0.000000E+00  0.000000E+00  0.000000E+00  0.000000E+00
 2.590016E-06  1.207679E-07  1.448373E-07  1.776724E-07  2.007554E-07  2.482056E-07  3.424483E-07  3.811019E-06  1.229750E-04  4.858007E-04  7.734636E-05  1.215409E-03  1.780634E-03  1.346852E-03  1.115412E-04  0.000000E+00  0.000000E+00  0.000000E+00  0.000000E+00  0.000000E+00
 1.231735E-05  3.640584E-07  4.164980E-07  5.160122E-07  5.690853E-07  7.704960E-07  1.182208E-06  2.423675E-05  4.906168E-04  1.313271E-03  1.170561E-04  1.633311E-03  8.946614E-04  4.403272E-04  3.581516E-05  0.000000E+00  0.000000E+00  0.000000E+00  0.000000E+00  0.000000E+00
 2.872625E-06  1.144308E-07  1.315459E-07  1.627335E-07  1.771778E-07  2.318657E-07  3.296052E-07  6.612368E-06  1.643900E-04  5.253628E-04  8.348853E-05  1.242309E-03  1.688977E-03  1.157890E-03  9.238149E-05  0.000000E+00  0.000000E+00  0.000000E+00  0.000000E+00  0.000000E+00
 1.196186E-05  3.253674E-07  3.395393E-07  3.867938E-07  5.011171E-07  6.625388E-07  1.048413E-06  3.727605E-05  5.652140E-04  1.240340E-03  1.147442E-04  1.522228E-03  8.527113E-04  3.993579E-04  3.123420E-05  0.000000E+00  0.000000E+00  0.000000E+00  0.000000E+00  0.000000E+00
 3.116208E-06  1.104893E-07  1.151765E-07  1.304956E-07  1.665887E-07  2.137968E-07  3.178311E-07  1.198310E-05  2.128136E-04  5.547265E-04  8.913734E-05  1.255043E-03  1.586171E-03  9.884481E-04  7.583876E-05  0.000000E+00  0.000000E+00  0.000000E+00  0.000000E+00  0.000000E+00
 1.157074E-05  2.688146E-07  2.528600E-07  2.841577E-07  4.625011E-07  5.628787E-07  9.401303E-07  5.841486E-05  6.394333E-04  1.154396E-03  1.125575E-04  1.416972E-03  8.065936E-04  3.577773E-04  2.685251E-05  0.000000E+00  0.000000E+00  0.000000E+00  0.000000E+00  0.000000E+00
 3.323090E-06  9.745633E-08  9.130933E-08  1.019220E-07  1.635431E-07  1.940098E-07  3.075308E-07  2.144446E-05  2.675626E-04  5.720176E-04  9.427773E-05  1.253809E-03  1.474964E-03  8.373287E-04  6.165631E-05  0.000000E+00  0.000000E+00  0.000000E+00  0.000000E+00  0.000000E+00
 1.111576E-05  1.908837E-07  2.350858E-07  1.555636E-07  4.449755E-07  4.752346E-07  8.511500E-07  9.074148E-05  7.082918E-04  1.055261E-03  1.103560E-04  1.315038E-03  7.557211E-04  3.161425E-04  2.271769E-05  0.000000E+00  0.000000E+00  0.000000E+00  0.000000E+00  0.000000E+00
 3.480350E-06  7.330238E-08  8.982941E-08  5.898878E-08  1.668480E-07  1.742801E-07  2.984660E-07  3.720534E-05  3.265276E-04  5.750199E-04  9.874385E-05  1.237582E-03  1.356320E-03  7.024694E-04  4.952848E-05  0.000000E+00  0.000000E+00  0.000000E+00  0.000000E+00  0.000000E+00
 1.041948E-05  3.462096E-07  7.703189E-08  1.922417E-07  4.137880E-07  4.008847E-07  1.005189E-06  1.378158E-04  7.664445E-04  9.475424E-04  1.077835E-04  1.218009E-03  7.020363E-04  2.759874E-04  1.894278E-05  0.000000E+00  0.000000E+00  0.000000E+00  0.000000E+00  0.000000E+00
 3.510249E-06  1.403905E-07  3.112023E-08  7.694341E-08  1.639914E-07  1.558360E-07  3.888935E-07  6.214997E-05  3.865443E-04  5.642627E-04  1.021630E-04  1.208916E-03  1.235200E-03  5.843573E-04  3.935618E-05  0.000000E+00  0.000000E+00  0.000000E+00  0.000000E+00  0.000000E+00
 1.005691E-05  6.102364E-08  2.687124E-08  2.438976E-07  3.550208E-07  3.420955E-07  4.130717E-06  1.994427E-04  8.078499E-04  8.311727E-04  1.053329E-04  1.123030E-03  6.449391E-04  2.373802E-04  1.551688E-05  0.000000E+00  0.000000E+00  0.000000E+00  0.000000E+00  0.000000E+00
 3.644914E-06  2.599679E-08  1.138949E-08  1.027023E-07  1.482232E-07  1.406011E-07  1.891338E-06  9.794043E-05  4.432272E-04  5.379672E-04  1.049264E-04  1.166833E-03  1.111687E-03  4.805115E-04  3.082290E-05  0.000000E+00  0.000000E+00  0.000000E+00  0.000000E+00  0.000000E+00
 9.425906E-06  4.715417E-09  7.734177E-08  2.621131E-07  2.736216E-07  3.235006E-07  1.338199E-05  2.746799E-04  8.269102E-04  7.114480E-04  1.024132E-04  1.030921E-03  5.860503E-04  2.012472E-04  1.248845E-05  0.000000E+00  0.000000E+00  0.000000E+00  0.000000E+00  0.000000E+00
 3.635461E-06  2.100391E-09  3.429634E-08  1.157241E-07  1.199659E-07  1.417872E-07  6.714545E-06  1.458351E-04  4.912797E-04  4.982359E-04  1.064676E-04  1.113633E-03  9.892881E-04  3.906155E-04  2.378829E-05  0.000000E+00  0.000000E+00  0.000000E+00  0.000000E+00  0.000000E+00
 8.745631E-06  1.635190E-08  1.204004E-07  2.462867E-07  2.134327E-07  4.132754E-07  3.332752E-05  3.595973E-04  8.173438E-04  5.909315E-04  9.927316E-05  9.399814E-04  5.254498E-04  1.676877E-04  9.840742E-06  0.000000E+00  0.000000E+00  0.000000E+00  0.000000E+00  0.000000E+00
 3.569264E-06  7.599108E-09  5.581297E-08  1.137506E-07  9.810594E-08  1.984775E-07  1.797302E-05  2.053467E-04  5.240006E-04  4.459791E-04  1.070136E-04  1.049309E-03  8.685645E-04  3.129351E-04  1.802341E-05  0.000000E+00  0.000000E+00  0.000000E+00  0.000000E+00  0.000000E+00
 8.088299E-06  6.045600E-08  1.071696E-07  2.173522E-07  1.771675E-07  1.192078E-06  6.973098E-05  4.454485E-04  7.755801E-04  4.754955E-04  9.541562E-05  8.504563E-04  4.643565E-04  1.371612E-04  7.579207E-06  0.000000E+00  0.000000E+00  0.000000E+00  0.000000E+00  0.000000E+00
 3.479204E-06  2.927216E-08  5.179710E-08  1.047807E-07  8.562774E-08  6.445757E-07  4.012505E-05  2.725272E-04  5.350777E-04  3.854073E-04  1.060504E-04  9.756988E-04  7.516936E-04  2.467114E-04  1.337991E-05  0.000000E+00  0.000000E+00  0.000000E+00  0.000000E+00  0.000000E+00
 7.486228E-06  5.787034E-08  1.027669E-07  1.704517E-07  1.909255E-07  5.314707E-06  1.275769E-04  5.182717E-04  7.025372E-04  3.706353E-04  9.095497E-05  7.629892E-04  4.040979E-04  1.099831E-04  5.693807E-06  0.000000E+00  0.000000E+00  0.000000E+00  0.000000E+00  0.000000E+00
 3.383593E-06  2.913453E-08  5.166246E-08  8.564623E-08  9.949641E-08  3.116399E-06  7.802637E-05  3.387379E-04  5.204987E-04  3.215532E-04  1.037004E-04  8.952090E-04  6.407572E-04  1.911042E-04  9.710199E-06  0.000000E+00  0.000000E+00  0.000000E+00  0.000000E+00  0.000000E+00
 6.889902E-06  5.561399E-08  9.016378E-08  1.326706E-07  4.021309E-07  1.882040E-05  2.067912E-04  5.605609E-04  6.042747E-04  2.802405E-04  8.611617E-05  6.774502E-04  3.454143E-04  8.615306E-05  4.152829E-06  0.000000E+00  0.000000E+00  0.000000E+00  0.000000E+00  0.000000E+00
 3.260812E-06  2.904880E-08  4.708261E-08  6.978450E-08  2.334585E-07  1.170620E-05  1.340821E-04  3.906410E-04  4.800883E-04  2.592819E-04  1.002555E-04  8.093958E-04  5.366864E-04  1.449115E-04  6.855819E-06  0.000000E+00  0.000000E+00  0.000000E+00  0.000000E+00  0.000000E+00
 6.298116E-06  5.069288E-08  7.524027E-08  1.244590E-07  1.668443E-06  5.099329E-05  2.963062E-04  5.571641E-04  4.931585E-04  2.070325E-04  8.085951E-05  5.939895E-04  2.891176E-04  6.563855E-05  2.923206E-06  0.000000E+00  0.000000E+00  0.000000E+00  0.000000E+00  0.000000E+00
 3.111525E-06  2.743854E-08  4.088845E-08  7.037123E-08  1.051787E-06  3.343390E-05  2.033066E-04  4.134846E-04  4.196466E-04  2.033777E-04  9.573995E-05  7.199710E-04  4.403771E-04  1.070801E-04  4.680415E-06  0.000000E+00  0.000000E+00  0.000000E+00  0.000000E+00  0.000000E+00
 5.714640E-06  3.941944E-08  6.281510E-08  2.490353E-07  8.647558E-06  1.099785E-04  3.696042E-04  5.063447E-04  3.852088E-04  1.513614E-04  7.529870E-05  5.135707E-04  2.363005E-04  4.840891E-05  1.971883E-06  0.000000E+00  0.000000E+00  0.000000E+00  0.000000E+00  0.000000E+00
 2.938771E-06  2.215034E-08  3.603092E-08  1.560216E-07  5.766094E-06  7.584030E-05  2.680163E-04  3.998805E-04  3.504869E-04  1.569523E-04  9.036274E-05  6.294788E-04  3.530291E-04  7.672842E-05  3.067366E-06  0.000000E+00  0.000000E+00  0.000000E+00  0.000000E+00  0.000000E+00
 5.141539E-06  2.933334E-08  8.109534E-08  1.293574E-06  3.205136E-05  1.887670E-04  3.978408E-04  4.245866E-04  2.925565E-04  1.107180E-04  6.999855E-05  4.370662E-04  1.877250E-04  3.426851E-05  1.258321E-06  0.000000E+00  0.000000E+00  0.000000E+00  0.000000E+00  0.000000E+00
 2.744916E-06  1.734132E-08  5.071863E-08  8.747430E-07  2.239557E-05  1.367099E-04  3.046546E-04  3.567045E-04  2.838004E-04  1.202624E-04  8.488560E-05  5.402735E-04  2.752460E-04  5.285753E-05  1.904647E-06  0.000000E+00  0.000000E+00  0.000000E+00  0.000000E+00  0.000000E+00
 4.571164E-06  3.084639E-08  2.845648E-07  8.874811E-06  8.190652E-05  2.533423E-04  3.753613E-04  3.334906E-04  2.190461E-04  8.109394E-05  6.561271E-05  3.635157E-04  1.430812E-04  2.278853E-05  7.360382E-07  0.000000E+00  0.000000E+00  0.000000E+00  0.000000E+00  0.000000E+00
 2.527567E-06  1.978330E-08  1.944522E-07  6.300160E-06  5.983260E-05  1.924907E-04  3.034946E-04  2.980445E-04  2.255006E-04  9.145293E-05  8.020487E-05  4.523010E-04  2.060307E-04  3.425637E-05  1.085567E-06  0.000000E+00  0.000000E+00  0.000000E+00  0.000000E+00  0.000000E+00
 4.018257E-06  9.567342E-08  2.892803E-06  3.430814E-05  1.407934E-04  2.768229E-04  3.197315E-04  2.499459E-04  1.647371E-04  6.049101E-05  6.239317E-05  2.930374E-04  1.025266E-04  1.370856E-05  3.714979E-07  0.000000E+00  0.000000E+00  0.000000E+00  0.000000E+00  0.000000E+00
 2.297281E-06  6.670897E-08  2.087108E-06  2.537957E-05  1.073280E-04  2.205147E-04  2.729897E-04  2.374020E-04  1.785778E-04  7.020321E-05  7.674887E-05  3.665362E-04  1.451000E-04  2.010839E-05  5.344524E-07  0.000000E+00  0.000000E+00  0.000000E+00  0.000000E+00  0.000000E+00
 3.559489E-06  1.202124E-06  1.523720E-05  7.353508E-05  1.802715E-04  2.632569E-04  2.535756E-04  1.841468E-04  1.279437E-04  4.757832E-05  6.266572E-05  2.260833E-04  6.601350E-05  6.757039E-06  1.348372E-07  0.000000E+00  0.000000E+00  0.000000E+00  0.000000E+00  0.000000E+00
 2.107278E-06  8.822416E-07  1.142856E-05  5.651422E-05  1.431819E-04  2.197313E-04  2.285257E-04  1.852017E-04  1.444962E-04  5.636952E-05  7.748663E-05  2.842592E-04  9.190734E-05  9.679991E-06  1.892434E-07  0.000000E+00  0.000000E+00  0.000000E+00  0.000000E+00  0.000000E+00
 3.676733E-06  6.267759E-06  3.726384E-05  1.086090E-04  1.921161E-04  2.252282E-04  1.897214E-04  1.346207E-04  1.042864E-04  3.708895E-05  7.416515E-05  1.529734E-04  2.993637E-05  1.413087E-06  1.262683E-10  0.000000E+00  0.000000E+00  0.000000E+00  0.000000E+00  0.000000E+00
 2.328865E-06  4.766855E-06  2.891023E-05  8.650490E-05  1.588593E-04  1.970501E-04  1.805785E-04  1.428171E-04  1.216617E-04  4.457955E-05  9.216082E-05  1.940972E-04  4.107996E-05  1.972216E-06  0.000000E+00  0.000000E+00  0.000000E+00  0.000000E+00  0.000000E+00  0.000000E+00
 2.718031E-05  5.055379E-04  3.979654E-04  7.758652E-06  9.634825E-05  3.368662E-05  1.023232E-05  1.528277E-05  3.013056E-07  9.038081E-07  2.619296E-11  7.763721E-11  0.000000E+00  0.000000E+00  0.000000E+00  0.000000E+00  0.000000E+00  0.000000E+00  0.000000E+00  0.000000E+00
 2.272582E-05  4.545688E-04  4.114567E-04  7.407313E-06  1.226060E-04  4.034547E-05  1.415756E-05  2.027715E-05  4.295385E-07  1.223116E-06  1.000998E-12  1.760679E-12  0.000000E+00  0.000000E+00  0.000000E+00  0.000000E+00  0.000000E+00  0.000000E+00  0.000000E+00  0.000000E+00
