 0.000000E+00  0.000000E+00  0.000000E+00  0.000000E+00  0.000000E+00  0.000000E+00  0.000000E+00  0.000000E+00  1.565467E-03  1.034704E-02  0.000000E+00  1.151741E-02  3.950976E-04  0.000000E+00  0.000000E+00  0.000000E+00  0.000000E+00  0.000000E+00  0.000000E+00  0.000000E+00
 0.000000E+00  0.000000E+00  0.000000E+00  0.000000E+00  0.000000E+00  0.000000E+00  0.000000E+00  0.000000E+00  2.105108E-03  9.705824E-03  0.000000E+00  3.877867E-03  7.812922E-03  3.998802E-05  0.000000E+00  0.000000E+00  0.000000E+00  0.000000E+00  0.000000E+00  0.000000E+00
 0.000000E+00  0.000000E+00  0.000000E+00  0.000000E+00  0.000000E+00  0.000000E+00  0.000000E+00  0.000000E+00  2.285008E-03  9.225232E-03  1.366234E-04  2.003105E-03  8.598736E-03  1.014114E-03  0.000000E+00  0.000000E+00  0.000000E+00  0.000000E+00  0.000000E+00  0.000000E+00
 0.000000E+00  0.000000E+00  0.000000E+00  0.000000E+00  0.000000E+00  0.000000E+00  0.000000E+00  0.000000E+00  2.250019E-03  9.107277E-03  5.642359E-06  1.440084E-03  8.157301E-03  2.026079E-03  0.000000E+00  0.000000E+00  0.000000E+00  0.000000E+00  0.000000E+00  0.000000E+00
 0.000000E+00  0.000000E+00  0.000000E+00  0.000000E+00  0.000000E+00  0.000000E+00  0.000000E+00  0.000000E+00  2.089068E-03  9.112037E-03  1.606248E-05  1.093321E-03  7.453679E-03  2.950174E-03  0.000000E+00  0.000000E+00  0.000000E+00  0.000000E+00  0.000000E+00  0.000000E+00
 0.000000E+00  0.000000E+00  0.000000E+00  0.000000E+00  0.000000E+00  0.000000E+00  0.000000E+00  0.000000E+00  1.994854E-03  8.808173E-03  2.125999E-04  9.638986E-04  6.696101E-03  3.769647E-03  0.000000E+00  0.000000E+00  0.000000E+00  0.000000E+00  0.000000E+00  0.000000E+00
 0.000000E+00  0.000000E+00  0.000000E+00  0.000000E+00  0.000000E+00  0.000000E+00  0.000000E+00  3.674120E-05  2.181462E-03  8.376609E-03  2.026133E-04  9.220381E-04  5.969855E-03  4.489697E-03  0.000000E+00  0.000000E+00  0.000000E+00  0.000000E+00  0.000000E+00  0.000000E+00
 0.000000E+00  0.000000E+00  0.000000E+00  0.000000E+00  0.000000E+00  0.000000E+00  3.587785E-06  6.497610E-05  2.350617E-03  7.980404E-03  2.053458E-04  8.949315E-04  5.344795E-03  5.070866E-03  0.000000E+00  0.000000E+00  0.000000E+00  0.000000E+00  0.000000E+00  0.000000E+00
 0.000000E+00  0.000000E+00  0.000000E+00  0.000000E+00  0.000000E+00  6.611352E-07  8.914653E-06  8.446559E-05  2.505229E-03  7.606674E-03  2.107428E-04  8.944042E-04  4.804327E-03  5.539004E-03  0.000000E+00  0.000000E+00  0.000000E+00  0.000000E+00  0.000000E+00  0.000000E+00
 0.000000E+00  0.000000E+00  0.000000E+00  0.000000E+00  1.200145E-07  1.530909E-06  1.522663E-05  9.542939E-05  2.648686E-03  7.253634E-03  2.177036E-04  9.099331E-04  4.345315E-03  5.908639E-03  0.000000E+00  0.000000E+00  0.000000E+00  0.000000E+00  0.000000E+00  0.000000E+00
 0.000000E+00  0.000000E+00  0.000000E+00  3.505649E-08  4.306868E-07  3.777621E-06  2.031895E-05  9.796584E-05  2.782476E-03  6.921264E-03  2.230195E-04  9.346137E-04  3.932594E-03  6.224514E-03  0.000000E+00  0.000000E+00  0.000000E+00  0.000000E+00  0.000000E+00  0.000000E+00
 0.000000E+00  0.000000E+00  1.336920E-08  1.435853E-07  8.935167E-07  5.299863E-06  2.541753E-05  9.366080E-05  2.908575E-03  6.605995E-03  2.289949E-04  9.629089E-04  3.562697E-03  6.493470E-03  0.000000E+00  0.000000E+00  0.000000E+00  0.000000E+00  0.000000E+00  0.000000E+00
 0.000000E+00  7.253499E-09  6.013012E-08  3.204418E-07  1.738146E-06  8.224178E-06  2.772511E-05  8.574919E-05  3.027347E-03  6.305230E-03  2.357615E-04  9.920984E-04  3.257139E-03  6.676327E-03  1.972674E-05  0.000000E+00  0.000000E+00  0.000000E+00  0.000000E+00  0.000000E+00
 7.037831E-09  3.029542E-08  1.748023E-07  7.453630E-07  3.264462E-06  1.026541E-05  2.871039E-05  7.985421E-05  3.135563E-03  6.016768E-03  2.422624E-04  1.020954E-03  3.008507E-03  6.783579E-03  5.721985E-05  0.000000E+00  0.000000E+00  0.000000E+00  0.000000E+00  0.000000E+00
 3.600200E-08  9.972296E-08  2.953854E-07  1.398011E-06  3.958032E-06  1.269413E-05  2.881352E-05  7.817360E-05  3.223292E-03  5.748243E-03  2.384166E-04  1.049576E-03  2.793000E-03  6.808337E-03  1.535307E-04  0.000000E+00  0.000000E+00  0.000000E+00  0.000000E+00  0.000000E+00
 3.556207E-08  2.107662E-07  6.651388E-07  2.158952E-06  5.758009E-06  1.344347E-05  2.849313E-05  8.660337E-05  3.290766E-03  5.488186E-03  2.396341E-04  1.074645E-03  2.618523E-03  6.785235E-03  2.594036E-04  0.000000E+00  0.000000E+00  0.000000E+00  0.000000E+00  0.000000E+00
 2.383892E-07  3.873836E-07  1.163460E-06  3.022777E-06  6.629590E-06  1.426808E-05  2.845782E-05  1.045966E-04  3.334736E-03  5.242416E-03  2.387643E-04  1.098906E-03  2.474686E-03  6.719192E-03  3.814148E-04  0.000000E+00  0.000000E+00  0.000000E+00  0.000000E+00  0.000000E+00
 6.048100E-07  6.373118E-07  1.737369E-06  3.620241E-06  6.753567E-06  1.550340E-05  2.897535E-05  1.301679E-04  3.354858E-03  5.010881E-03  2.366504E-04  1.122567E-03  2.355836E-03  6.617048E-03  5.186211E-04  0.000000E+00  0.000000E+00  0.000000E+00  0.000000E+00  0.000000E+00
 1.197549E-06  1.013259E-06  2.171097E-06  4.079740E-06  8.101901E-06  1.533252E-05  2.995510E-05  1.620939E-04  3.353826E-03  4.791462E-03  2.361225E-04  1.145653E-03  2.259504E-03  6.493113E-03  6.575032E-04  0.000000E+00  0.000000E+00  0.000000E+00  0.000000E+00  0.000000E+00
 1.182322E-06  1.868401E-06  2.652236E-06  4.659977E-06  7.963670E-06  1.639530E-05  3.141879E-05  1.993110E-04  3.334417E-03  4.582854E-03  2.374668E-04  1.168552E-03  2.182551E-03  6.358977E-03  7.872236E-04  0.000000E+00  0.000000E+00  0.000000E+00  0.000000E+00  0.000000E+00
 2.958886E-06  1.395484E-06  3.081065E-06  4.961495E-06  8.973144E-06  1.615821E-05  3.273656E-05  2.380328E-04  3.296591E-03  4.390732E-03  2.354743E-04  1.191984E-03  2.119533E-03  6.208884E-03  9.228010E-04  0.000000E+00  0.000000E+00  0.000000E+00  0.000000E+00  0.000000E+00
 4.134960E-06  1.770556E-06  2.892038E-06  4.559888E-06  9.500057E-06  1.725459E-05  3.369912E-05  2.786525E-04  3.243973E-03  4.209415E-03  2.355344E-04  1.214925E-03  2.069801E-03  6.056991E-03  1.048520E-03  0.000000E+00  0.000000E+00  0.000000E+00  0.000000E+00  0.000000E+00
 4.080106E-06  2.175475E-06  3.965162E-06  5.076793E-06  9.282864E-06  1.788650E-05  3.367792E-05  3.196738E-04  3.176938E-03  4.041548E-03  2.342730E-04  1.237566E-03  2.030460E-03  5.903583E-03  1.166921E-03  0.000000E+00  0.000000E+00  0.000000E+00  0.000000E+00  0.000000E+00
 6.115389E-06  1.845104E-06  3.275435E-06  5.135586E-06  9.582119E-06  1.850922E-05  3.205466E-05  3.591081E-04  3.095322E-03  3.889574E-03  2.303274E-04  1.260019E-03  1.999476E-03  5.747005E-03  1.283829E-03  0.000000E+00  0.000000E+00  0.000000E+00  0.000000E+00  0.000000E+00
 7.759898E-06  1.252523E-06  3.595877E-06  5.045917E-06  9.661799E-06  1.862469E-05  2.876360E-05  3.991536E-04  3.001982E-03  3.747730E-03  2.287532E-04  1.281869E-03  1.977128E-03  5.602159E-03  1.381509E-03  0.000000E+00  0.000000E+00  0.000000E+00  0.000000E+00  0.000000E+00
 7.651443E-06  2.652850E-06  3.181671E-06  5.761614E-06  1.047742E-05  1.708314E-05  2.547417E-05  4.317553E-04  2.895531E-03  3.625808E-03  2.224613E-04  1.304236E-03  1.960978E-03  5.458894E-03  1.475733E-03  0.000000E+00  0.000000E+00  0.000000E+00  0.000000E+00  0.000000E+00
 1.008996E-05  1.472352E-06  3.114746E-06  5.352441E-06  1.044093E-05  1.652564E-05  2.282554E-05  4.531293E-04  2.774671E-03  3.525102E-03  2.136007E-04  1.327279E-03  1.950190E-03  5.316262E-03  1.569421E-03  0.000000E+00  0.000000E+00  0.000000E+00  0.000000E+00  0.000000E+00
 1.131610E-05  1.430689E-06  3.072961E-06  5.635552E-06  9.581279E-06  1.551893E-05  2.078364E-05  4.670780E-04  2.639864E-03  3.431932E-03  2.156716E-04  1.350614E-03  1.944890E-03  5.188980E-03  1.642957E-03  0.000000E+00  0.000000E+00  0.000000E+00  0.000000E+00  0.000000E+00
 1.228128E-05  1.725435E-06  3.457448E-06  5.461935E-06  9.443188E-06  1.360142E-05  1.883077E-05  4.736129E-04  2.498465E-03  2.076873E-03  1.491816E-03  1.375194E-03  1.944509E-03  5.081852E-03  1.691181E-03  0.000000E+00  0.000000E+00  0.000000E+00  0.000000E+00  0.000000E+00
 1.320703E-05  2.484632E-06  3.051225E-06  5.412295E-06  9.086108E-06  1.180068E-05  1.728635E-05  4.681532E-04  2.371550E-03  8.859191E-05  3.367129E-03  1.429568E-03  1.948086E-03  4.994066E-03  1.714494E-03  0.000000E+00  0.000000E+00  0.000000E+00  0.000000E+00  0.000000E+00
 1.434613E-05  2.208118E-06  3.056521E-06  5.679519E-06  8.359129E-06  1.019750E-05  1.626890E-05  4.479628E-04  2.256481E-03  9.210981E-05  3.202848E-03  1.531631E-03  1.955253E-03  4.922167E-03  1.718361E-03  0.000000E+00  0.000000E+00  0.000000E+00  0.000000E+00  0.000000E+00
 1.472890E-05  2.149701E-06  3.397368E-06  5.704937E-06  7.686935E-06  8.771306E-06  1.528449E-05  4.270413E-04  2.124206E-03  1.117556E-04  3.016782E-03  1.657101E-03  1.966540E-03  4.870323E-03  1.698804E-03  0.000000E+00  0.000000E+00  0.000000E+00  0.000000E+00  0.000000E+00
 1.389676E-05  2.880624E-06  4.073540E-06  5.457022E-06  7.045642E-06  7.516253E-06  1.444494E-05  4.031183E-04  1.972754E-03  1.351757E-04  2.826436E-03  1.802956E-03  1.981123E-03  4.835915E-03  1.657321E-03  0.000000E+00  0.000000E+00  0.000000E+00  0.000000E+00  0.000000E+00
 1.531629E-05  2.010702E-06  3.654159E-06  5.283227E-06  6.448190E-06  6.608248E-06  1.342434E-05  3.747480E-04  1.801469E-03  1.617510E-04  2.635577E-03  1.968960E-03  1.999063E-03  4.816374E-03  1.598552E-03  0.000000E+00  0.000000E+00  0.000000E+00  0.000000E+00  0.000000E+00
 1.575148E-05  2.170477E-06  2.536574E-06  4.856849E-06  6.340401E-06  6.099049E-06  1.229017E-05  3.417173E-04  1.614335E-03  1.845574E-04  2.454977E-03  2.148387E-03  2.020128E-03  4.814435E-03  1.515835E-03  0.000000E+00  0.000000E+00  0.000000E+00  0.000000E+00  0.000000E+00
 1.507696E-05  2.415043E-06  2.577197E-06  4.302086E-06  5.653534E-06  6.040065E-06  1.127795E-05  3.067528E-04  1.426263E-03  1.905798E-04  2.309470E-03  2.322509E-03  2.045629E-03  4.849688E-03  1.380759E-03  0.000000E+00  0.000000E+00  0.000000E+00  0.000000E+00  0.000000E+00
 1.607616E-05  1.440435E-06  2.778646E-06  3.341653E-06  4.731997E-06  5.571282E-06  1.053962E-05  2.687405E-04  1.234158E-03  2.009759E-04  2.171644E-03  2.498701E-03  2.085612E-03  4.884961E-03  1.222252E-03  0.000000E+00  0.000000E+00  0.000000E+00  0.000000E+00  0.000000E+00
 1.652640E-05  1.070770E-06  2.425474E-06  2.939267E-06  3.982715E-06  4.920244E-06  9.268888E-06  2.287664E-04  1.042212E-03  2.065805E-04  2.048869E-03  2.673765E-03  2.169547E-03  4.857134E-03  1.072646E-03  0.000000E+00  0.000000E+00  0.000000E+00  0.000000E+00  0.000000E+00
 1.663273E-05  9.074178E-07  1.830746E-06  2.820533E-06  3.562472E-06  4.410703E-06  7.696858E-06  1.870720E-04  8.526088E-04  1.719753E-04  1.975509E-03  2.841494E-03  2.282797E-03  4.781890E-03  9.361093E-04  0.000000E+00  0.000000E+00  0.000000E+00  0.000000E+00  0.000000E+00
 1.657540E-05  4.680839E-07  1.560602E-06  2.668772E-06  3.238639E-06  4.030065E-06  6.411234E-06  1.451515E-04  6.707409E-04  1.765928E-04  1.864078E-03  3.000676E-03  2.408624E-03  4.668821E-03  8.130496E-04  0.000000E+00  0.000000E+00  0.000000E+00  0.000000E+00  0.000000E+00
 1.582153E-05  6.205668E-07  1.406944E-06  2.395183E-06  3.046569E-06  3.531377E-06  5.338431E-06  1.054721E-04  4.995162E-04  1.747785E-04  1.759503E-03  3.153110E-03  2.531173E-03  4.544828E-03  7.052105E-04  0.000000E+00  0.000000E+00  0.000000E+00  0.000000E+00  0.000000E+00
 1.556147E-05  3.073865E-07  1.141455E-06  2.235048E-06  2.808302E-06  2.985111E-06  4.285233E-06  6.988085E-05  3.438426E-04  1.646347E-04  1.651685E-03  3.291852E-03  2.635819E-03  4.418483E-03  6.103977E-04  0.000000E+00  0.000000E+00  0.000000E+00  0.000000E+00  0.000000E+00
 1.500579E-05  1.311116E-07  9.533305E-07  2.213278E-06  2.404248E-06  2.543437E-06  3.320325E-06  4.066115E-05  2.102433E-04  1.448770E-04  1.532674E-03  3.412171E-03  2.719102E-03  4.303993E-03  5.279464E-04  0.000000E+00  0.000000E+00  0.000000E+00  0.000000E+00  0.000000E+00
 1.429456E-05  9.827278E-08  7.478872E-07  2.070136E-06  1.955968E-06  2.301951E-06  2.449053E-06  2.002713E-05  1.080524E-04  1.123386E-04  1.387867E-03  3.505245E-03  2.781767E-03  4.213781E-03  4.569433E-04  0.000000E+00  0.000000E+00  0.000000E+00  0.000000E+00  0.000000E+00
 1.403795E-05  5.643908E-07  1.181634E-06  1.706164E-06  1.640375E-06  2.129549E-06  2.687776E-06  1.891358E-05  1.321816E-04  1.436422E-03  2.938169E-04  3.439233E-03  3.032607E-03  3.562604E-03  3.592930E-04  0.000000E+00  0.000000E+00  0.000000E+00  0.000000E+00  0.000000E+00
 1.421382E-05  8.344811E-07  1.163631E-06  1.436313E-06  1.437378E-06  1.963541E-06  2.740180E-06  1.797349E-05  1.679398E-04  1.646745E-03  1.790316E-04  3.359755E-03  3.042921E-03  3.229249E-03  3.163787E-04  0.000000E+00  0.000000E+00  0.000000E+00  0.000000E+00  0.000000E+00
 1.464426E-05  2.698704E-07  1.429945E-06  1.163598E-06  1.453975E-06  1.842988E-06  2.650483E-06  1.718639E-05  2.147472E-04  1.725438E-03  1.820353E-04  3.283118E-03  3.025479E-03  2.913557E-03  2.770059E-04  0.000000E+00  0.000000E+00  0.000000E+00  0.000000E+00  0.000000E+00
 1.449534E-05  1.076556E-06  8.368976E-07  9.956338E-07  1.464647E-06  1.640511E-06  2.453177E-06  1.653754E-05  2.745646E-04  1.788064E-03  1.854371E-04  3.207798E-03  2.982334E-03  2.615795E-03  2.410580E-04  0.000000E+00  0.000000E+00  0.000000E+00  0.000000E+00  0.000000E+00
 1.510414E-05  6.220867E-07  6.511231E-07  1.066721E-06  1.235191E-06  1.460539E-06  2.173798E-06  1.600017E-05  3.493399E-04  1.831197E-03  1.891477E-04  3.130011E-03  2.913513E-03  2.334315E-03  2.082403E-04  0.000000E+00  0.000000E+00  0.000000E+00  0.000000E+00  0.000000E+00
 1.523443E-05  4.907130E-07  6.870507E-07  9.509543E-07  1.053011E-06  1.291738E-06  1.907903E-06  1.653494E-05  4.391267E-04  1.855418E-03  1.927654E-04  3.050782E-03  2.823569E-03  2.071787E-03  1.786716E-04  0.000000E+00  0.000000E+00  0.000000E+00  0.000000E+00  0.000000E+00
 1.520264E-05  5.464348E-07  6.440220E-07  7.856519E-07  8.927516E-07  1.135878E-06  1.690188E-06  2.083043E-05  5.413748E-04  1.858444E-03  1.967599E-04  2.966635E-03  2.712973E-03  1.826439E-03  1.520362E-04  0.000000E+00  0.000000E+00  0.000000E+00  0.000000E+00  0.000000E+00
 1.518997E-05  4.784892E-07  5.480438E-07  6.787457E-07  7.462631E-07  1.002362E-06  1.511814E-06  3.084912E-05  6.550068E-04  1.838633E-03  2.005446E-04  2.875620E-03  2.583638E-03  1.598217E-03  1.281967E-04  0.000000E+00  0.000000E+00  0.000000E+00  0.000000E+00  0.000000E+00
 1.507807E-05  4.358568E-07  4.547157E-07  5.172894E-07  6.677058E-07  8.763356E-07  1.366244E-06  4.925915E-05  7.780275E-04  1.795067E-03  2.038815E-04  2.777270E-03  2.438882E-03  1.387806E-03  1.070730E-04  0.000000E+00  0.000000E+00  0.000000E+00  0.000000E+00  0.000000E+00
 1.489383E-05  3.662710E-07  3.441693E-07  3.860797E-07  6.260442E-07  7.568885E-07  1.247661E-06  7.985932E-05  9.069960E-04  1.726414E-03  2.068353E-04  2.670781E-03  2.281558E-03  1.195106E-03  8.850882E-05  0.000000E+00  0.000000E+00  0.000000E+00  0.000000E+00  0.000000E+00
 1.459611E-05  2.641861E-07  3.249152E-07  2.145524E-07  6.118234E-07  6.495148E-07  1.149616E-06  1.279468E-04  1.034819E-03  1.630281E-03  2.090999E-04  2.552620E-03  2.112041E-03  1.018612E-03  7.224617E-05  0.000000E+00  0.000000E+00  0.000000E+00  0.000000E+00  0.000000E+00
 1.392973E-05  4.866002E-07  1.081521E-07  2.691851E-07  5.777794E-07  5.567206E-07  1.394083E-06  1.999658E-04  1.152989E-03  1.511805E-03  2.099465E-04  2.426925E-03  1.937236E-03  8.603447E-04  5.829896E-05  0.000000E+00  0.000000E+00  0.000000E+00  0.000000E+00  0.000000E+00
 1.370183E-05  8.702043E-08  3.826073E-08  3.465999E-07  5.032439E-07  4.826965E-07  6.022054E-06  2.973831E-04  1.251077E-03  1.369140E-03  2.102593E-04  2.289862E-03  1.756626E-03  7.178917E-04  4.633978E-05  0.000000E+00  0.000000E+00  0.000000E+00  0.000000E+00  0.000000E+00
 1.306137E-05  6.815808E-09  1.116381E-07  3.778372E-07  3.935874E-07  4.652878E-07  2.009654E-05  4.205150E-04  1.318190E-03  1.209684E-03  2.088808E-04  2.144555E-03  1.575338E-03  5.918627E-04  3.627673E-05  0.000000E+00  0.000000E+00  0.000000E+00  0.000000E+00  0.000000E+00
 1.231489E-05  2.395101E-08  1.762133E-07  3.600373E-07  3.115387E-07  6.117529E-07  5.130054E-05  5.649440E-04  1.341344E-03  1.036911E-03  2.062867E-04  1.989291E-03  1.394014E-03  4.806228E-04  2.786415E-05  0.000000E+00  0.000000E+00  0.000000E+00  0.000000E+00  0.000000E+00
 1.156750E-05  8.972817E-08  1.589667E-07  3.221329E-07  2.627952E-07  1.836654E-06  1.098560E-04  7.179757E-04  1.310658E-03  8.609028E-04  2.014660E-04  1.826155E-03  1.216050E-03  3.838726E-04  2.095912E-05  0.000000E+00  0.000000E+00  0.000000E+00  0.000000E+00  0.000000E+00
 1.086982E-05  8.700487E-08  1.544293E-07  2.560980E-07  2.904219E-07  8.431106E-06  2.056032E-04  8.570096E-04  1.223036E-03  6.921884E-04  1.946554E-04  1.658198E-03  1.044855E-03  3.010873E-04  1.540401E-05  0.000000E+00  0.000000E+00  0.000000E+00  0.000000E+00  0.000000E+00
 1.015071E-05  8.466279E-08  1.372464E-07  2.024551E-07  6.355894E-07  3.052660E-05  3.408733E-04  9.512018E-04  1.084363E-03  5.395224E-04  1.863717E-04  1.486846E-03  8.821008E-04  2.310645E-04  1.100865E-05  0.000000E+00  0.000000E+00  0.000000E+00  0.000000E+00  0.000000E+00
 9.409641E-06  7.813142E-08  1.161287E-07  1.948302E-07  2.720230E-06  8.442719E-05  4.996128E-04  9.706487E-04  9.128051E-04  4.104102E-04  1.765995E-04  1.313961E-03  7.294947E-04  1.727187E-04  7.603621E-06  0.000000E+00  0.000000E+00  0.000000E+00  0.000000E+00  0.000000E+00
 8.653412E-06  6.156979E-08  9.884602E-08  4.050570E-07  1.441365E-05  1.858188E-04  6.376205E-04  9.062252E-04  7.356957E-04  3.083137E-04  1.656614E-04  1.143049E-03  5.893295E-04  1.251373E-04  5.039249E-06  0.000000E+00  0.000000E+00  0.000000E+00  0.000000E+00  0.000000E+00
 7.886455E-06  4.667466E-08  1.318140E-07  2.168317E-06  5.444692E-05  3.254769E-04  7.024954E-04  7.812911E-04  5.763569E-04  2.309804E-04  1.548842E-04  9.773397E-04  4.629710E-04  8.712603E-05  3.162969E-06  0.000000E+00  0.000000E+00  0.000000E+00  0.000000E+00  0.000000E+00
 7.098731E-06  5.062969E-08  4.790171E-07  1.517497E-05  1.417391E-04  4.458330E-04  6.788558E-04  6.315350E-04  4.445467E-04  1.725469E-04  1.458176E-04  8.158167E-04  3.491119E-04  5.704490E-05  1.821606E-06  0.000000E+00  0.000000E+00  0.000000E+00  0.000000E+00  0.000000E+00
 6.315537E-06  1.623824E-07  4.979911E-06  5.968771E-05  2.481215E-04  4.973376E-04  5.927212E-04  4.873478E-04  3.433148E-04  1.306942E-04  1.391420E-04  6.595735E-04  2.476266E-04  3.381695E-05  9.059503E-07  0.000000E+00  0.000000E+00  0.000000E+00  0.000000E+00  0.000000E+00
 5.666767E-06  2.084366E-06  2.666575E-05  1.300493E-04  3.234534E-04  4.829882E-04  4.821013E-04  3.693486E-04  2.724399E-04  1.039478E-04  1.401524E-04  5.103424E-04  1.579208E-04  1.643703E-05  3.240806E-07  0.000000E+00  0.000000E+00  0.000000E+00  0.000000E+00  0.000000E+00
 6.005598E-06  1.103461E-05  6.617407E-05  1.951139E-04  3.509754E-04  4.222783E-04  3.702999E-04  2.774379E-04  2.259481E-04  8.166850E-05  1.663260E-04  3.470706E-04  7.101633E-05  3.385303E-06  1.262683E-10  0.000000E+00  0.000000E+00  0.000000E+00  0.000000E+00  0.000000E+00
 4.990613E-05  9.601067E-04  8.094221E-04  1.516597E-05  2.189542E-04  7.403210E-05  2.438988E-05  3.555992E-05  7.308442E-07  2.126924E-06  2.719395E-11  7.939789E-11  0.000000E+00  0.000000E+00  0.000000E+00  0.000000E+00  0.000000E+00  0.000000E+00  0.000000E+00  0.000000E+00
