-19.192173 -18.481529 -17.181969 -15.498858 -13.503060 -11.231804  -8.685857  -5.786800  -2.600946   0.830227   0.846846   0.917648   1.047087   1.214651   1.412974   1.637735   1.886087   2.155702   2.444887   2.752552
-23.990235 -23.101893 -21.477616 -19.374244 -16.882850 -14.054197 -10.912236  -7.381426  -3.439252   0.838265   0.854856   0.996635   1.255848   1.591238   1.988141   2.437530   2.933835   3.472682   4.050551   4.664986
-29.987795 -28.877321 -26.846900 -24.217603 -21.103978 -17.571802 -13.662793  -9.349131  -4.489643   0.843158   0.859724   1.072291   1.460959   1.964425   2.559395   3.233300   3.977105   4.784398   5.650239   6.570711
-37.484745 -36.096606 -33.558496 -30.271764 -26.379635 -21.964864 -17.083162 -11.764487  -5.804258   0.846602   0.863149   1.146400   1.665255   2.336831   3.130488   4.028870   5.020285   6.095995   7.249405   8.474982
-46.855933 -45.120713 -41.947990 -37.839466 -32.974174 -27.455584 -21.353507 -14.717622  -7.449712   0.848808   0.865351   1.219746   1.869507   2.709793   3.702507   4.825509   6.064137   7.407411   8.846964  10.376045
-54.753626 -52.725899 -49.018348 -44.217248 -38.531811 -32.082948 -24.952247 -17.199568  -8.856149   0.849926   0.866517   1.293369   2.074904   3.084300   4.275810   5.622965   7.107808   8.717218  10.441151  12.271492
-52.239813 -50.305190 -46.767873 -42.187218 -36.762831 -30.610072 -23.806780 -16.410053  -8.444857   0.851791   0.868429   1.367981   2.281338   3.459801   4.849635   6.419956   8.149543  10.023066  12.029064  14.158473
-49.816246 -47.971385 -44.598191 -40.230067 -35.057358 -29.190071 -22.702436 -15.648873  -8.046741   0.854616   0.871301   1.443765   2.488878   3.836027   5.423277   7.215111   9.187428  11.323011  13.609150  16.035946
-47.479845 -45.721517 -42.506543 -38.343306 -33.413224 -27.821143 -21.637811 -14.915057  -7.661062   0.858317   0.875046   1.520487   2.697080   4.212156   5.995248   8.006537  10.219659  12.615740  15.180832  17.904240
-45.228074 -43.553145 -40.490660 -36.524889 -31.828644 -26.501801 -20.611749 -14.207803  -7.286876   0.862860   0.879643   1.597897   2.905393   4.586829   6.563872   8.792942  11.245436  13.901073  16.744655  19.764333
-43.057026 -41.462506 -38.547043 -34.771659 -30.300869 -25.229754 -19.622469 -13.525876  -6.922346   0.867778   0.884582   1.675357   3.112577   4.958518   7.127780   9.573524  12.264704  15.179604  18.301321  21.616725
-40.964280 -39.447269 -36.673526 -33.081662 -28.828196 -24.003587 -18.668870 -12.868505  -6.564959   0.872721   0.889532   1.752301   3.317690   5.326468   7.686765  10.348463  13.278275  16.451963  19.851149  23.461739
-38.947760 -37.505436 -34.868251 -31.453222 -27.409164 -22.822081 -17.750005 -12.235023  -6.211428   0.877233   0.894035   1.827924   3.519923   5.690397   8.241152  11.118593  14.286404  17.718304  21.394373  25.299582
-37.005263 -35.634883 -33.129243 -29.884559 -26.042222 -21.683946 -16.864869 -11.624719  -5.859549   0.880637   0.897422   1.901519   3.718948   6.050576   8.791635  11.884234  15.289335  18.978843  22.931332  27.130853
-35.129410 -33.828506 -31.449898 -28.369714 -24.722177 -20.584859 -16.010101 -11.035250  -5.512741   0.880861   0.897613   1.971144   3.913537   6.406307   9.337245  12.644342  16.286079  20.232661  24.461527  28.955718
-33.322870 -32.088875 -29.832605 -26.910843 -23.450908 -19.526383 -15.186916 -10.467419  -5.176861   0.878559   0.895277   2.037706   4.105172   6.758704   9.878877  13.399785  17.277681  21.481280  25.987035  30.776844
-31.582348 -30.412816 -28.274413 -25.505284 -22.226096 -18.506588 -14.393812  -9.920138  -4.856129   0.873519   0.890208   2.101505   4.293904   7.107615  10.416323  14.150565  18.264603  22.725811  27.509450  32.596199
-29.905519 -28.798093 -26.773244 -24.151161 -21.046106 -17.524112 -13.629731  -9.392622  -4.551905   0.865809   0.882472   2.162651   4.479640   7.452796  10.949430  14.896934  19.247672  23.967560  29.030425  34.415631
-28.291910 -27.244247 -25.328671 -22.848091 -19.910603 -16.578677 -12.894454  -8.884623  -4.263594   0.855916   0.872556   2.221515   4.662496   7.794330  11.478589  15.639779  20.228273  25.208220  30.551844  36.236913
-26.740923 -25.750703 -23.940159 -21.595592 -18.819167 -15.669932 -12.187708  -8.395847  -3.989967   0.844413   0.861032   2.278519   4.842682   8.132585  12.004664  16.380516  21.208191  26.449745  32.075584  38.061841
-25.248231 -24.313296 -22.603836 -20.390168 -17.768754 -14.795344 -11.507518  -7.924788  -3.729635   0.830821   0.847420   2.333047   5.019519   8.467275  12.527926  17.119790  22.188187  27.692817  33.602179  39.890829
-23.814065 -22.932248 -21.319909 -19.232008 -16.759527 -13.955048 -10.853986  -7.471320  -3.481441   0.815633   0.832204   2.385407   5.193458   8.799393  13.049848  17.859287  23.169935  28.939022  35.133154  41.725388
-22.435771 -21.605002 -20.086001 -18.118967 -15.789617 -13.147487 -10.225895  -7.034336  -3.244492   0.798687   0.815228   2.435355   5.364617   9.129653  13.571451  18.600051  24.154389  30.189237  36.669353  43.566352
-21.110065 -20.328396 -18.899171 -17.048393 -14.856712 -12.370738  -9.621738  -6.612420  -3.018330   0.779430   0.795936   2.482336   5.532965   9.458449  14.093162  19.342368  25.141684  31.443477  38.210696  45.413547
-19.837931 -19.103378 -17.760301 -16.021081 -13.961506 -11.625378  -9.041948  -6.205074  -2.802568   0.758327   0.774793   2.526943   5.699705   9.787222  14.616371  20.087549  26.133097  32.703012  39.758441  47.268212
-18.614001 -17.924779 -16.664586 -15.032697 -13.100223 -10.908261  -8.484058  -5.809091  -2.597046   0.734775   0.751198   2.569029   5.865228  10.116399  15.141449  20.835955  27.129010  33.968246  41.312987  49.130713
-17.435262 -16.789697 -15.609328 -14.080806 -12.270740 -10.217622  -7.946666  -5.420444  -2.402156   0.708386   0.724754   2.608768   6.029901  10.446237  15.668591  21.587758  28.129568  35.239254  42.874284  51.000819
-16.303592 -15.699940 -14.596207 -13.166926 -11.474379  -9.554561  -7.430589  -5.035617  -2.218755   0.679799   0.696124   2.647265   6.194837  10.777815  16.198922  22.344132  29.135937  36.517121  44.443257  52.879228
-15.218161 -14.654710 -13.624482 -12.290386 -10.710557  -8.918593  -6.935403  -4.657206  -2.047766   0.649475   0.665776   2.685170   6.360602  11.111703  16.733038  23.105630  30.148524  37.802005  46.019727  54.765354
-14.176805 -13.651924 -12.692216 -11.449440  -9.977752  -8.308449  -6.460065  -4.297883  -1.889000   0.617955   0.634246   2.723024   6.527746  11.448571  17.271689  23.872956  31.167855  39.094153  47.603611  56.658751
-13.176222 -12.688399 -11.796450 -10.641419  -9.273637  -7.722193  -6.003011  -3.963654  -1.741500   0.585307   0.601597   2.760795   6.696224  11.788398  17.814724  24.645623  32.192951  40.392008  49.192784  58.556769
-12.215552 -11.763309 -10.936416  -9.865630  -8.597610  -7.159322  -5.563783  -3.652961  -1.604122   0.551994   0.568294   2.798937   6.866661  12.131923  18.362729  25.423822  33.223489  41.694752  50.786085  60.458082
-11.292324 -10.874275 -10.109903  -9.120077  -7.947931  -6.618388  -5.141178  -3.362730  -1.475626   0.518300   0.534619   2.837831   7.039720  12.479914  18.916207  26.207574  34.259036  43.001700  52.382907  62.362496
-10.403744 -10.018605  -9.314407  -8.402504  -7.322634  -6.097754  -4.733832  -3.090338  -1.355162   0.483913   0.500260   2.877169   7.215154  12.831742  19.473653  26.994391  35.296340  44.309243  53.979714  64.266894
 -9.550567  -9.197027  -8.550606  -7.713521  -6.722250  -5.597860  -4.341832  -2.833724  -1.242091   0.449070   0.465452   2.917357   7.393722  13.187791  20.034633  27.783258  36.334343  45.616879  55.576990  66.172969
 -8.741843  -8.418256  -7.826601  -7.060437  -6.153149  -5.124010  -3.967933  -2.593703  -1.136870   0.414817   0.431245   2.959868   7.577273  13.548803  20.598585  28.572947  37.371967  46.924243  57.175220  68.081956
 -7.972212  -7.677130  -7.137594  -6.438921  -5.611556  -4.673062  -3.610087  -2.368288  -1.038764   0.380905   0.397388   3.004975   7.765928  13.913103  21.162885  29.361294  38.408421  48.232109  58.776484  69.996938
 -7.241298  -6.973287  -6.483248  -5.848672  -5.097210  -4.244796  -3.271109  -2.156885  -0.947600   0.347457   0.363947   3.053530   7.959066  14.277632  21.724319  30.146461  39.443483  49.541403  60.382343  71.919794
 -6.546021  -6.303761  -5.860806  -5.287201  -4.607941  -3.837408  -2.956976  -1.958531  -0.862921   0.314265   0.330842   3.106158   8.153341  14.637487  22.279713  30.927495  40.477624  50.853247  61.994160  73.851973
 -5.886327  -5.668500  -5.270219  -4.754464  -4.143711  -3.450868  -2.664261  -1.772989  -0.785068   0.281686   0.298379   3.163304   8.343164  14.989025  22.828918  31.706328  41.513637  52.170782  63.615300  75.797053
 -5.260792  -5.066133  -4.710213  -4.249314  -3.703520  -3.084348  -2.388467  -1.599703  -0.714236   0.249908   0.266751   3.220157   8.520212  15.329115  23.371139  32.482230  42.550090  53.491723  65.242617  77.751024
 -4.668053  -4.495347  -4.179568  -3.770648  -3.286407  -2.737105  -2.126070  -1.437449  -0.649842   0.221160   0.238165   3.264872   8.683166  15.663156  23.913967  33.264162  43.597501  54.828431  66.890567  79.730647
 -4.106799  -3.954880  -3.677108  -3.317407  -2.891451  -2.408296  -1.873622  -1.282883  -0.591555   0.185460   0.202388   3.283559   8.832256  15.990718  24.454587  34.047113  44.648825  56.171875  68.548117  81.722821
 -3.575771  -3.443335  -3.201186  -2.887613  -2.516283  -2.095092  -1.629353  -1.121827  -0.556913   0.109950   0.109952   3.270765   8.963316  16.306415  24.988037  34.827379  45.702103  57.522162  70.217688  83.732494
 -3.357168  -3.232828  -3.005482  -2.711080  -2.362451  -1.967009  -1.529731  -1.052715  -0.517012   0.111552   0.111554   3.280268   8.985551  16.345599  25.047759  34.910831  45.812175  57.661494  70.388741  83.937522
 -3.147300  -3.030733  -2.817599  -2.541602  -2.214766  -1.844044  -1.434079  -0.986194  -0.477644   0.113301   0.113303   3.170887   8.675097  15.775443  24.170581  33.685826  44.202912  55.634737  67.913693  80.985334
 -2.945818  -2.836714  -2.637225  -2.378895  -2.072983  -1.725993  -1.342232  -0.922112  -0.439222   0.115110   0.115112   3.061605   8.364879  15.205713  23.294090  32.461836  42.595042  53.609788  65.440898  78.035872
 -2.752388  -2.650448  -2.464058  -2.222691  -1.936866  -1.612657  -1.254029  -0.860314  -0.402171   0.116930   0.116932   2.952327   8.054665  14.636023  22.417735  31.238123  40.987621  51.585475  62.968940  75.087454
 -2.566688  -2.471625  -2.297810  -2.072728  -1.806186  -1.503847  -1.169306  -0.800638  -0.366627   0.118795   0.118797   2.843135   7.744597  14.066623  21.541900  30.015224  39.381350  49.562674  60.498873  72.141325
 -2.388408  -2.299949  -2.138207  -1.928758  -1.680726  -1.399384  -1.087901  -0.742926  -0.332637   0.120613   0.120615   2.733568   7.433674  13.495867  20.664193  28.789905  37.772060  47.536196  58.024409  69.190024
 -2.217252  -2.135132  -1.984980  -1.790536  -1.560274  -1.299094  -1.009641  -0.686999  -0.300017   0.122604   0.122606   2.624236   7.123196  12.925952  19.787864  27.566593  36.165469  45.513153  55.554156  66.243744
 -2.052936  -1.976899  -1.837869  -1.657834  -1.444636  -1.202813  -0.934346  -0.632684  -0.268649   0.124704   0.124706   2.514710   6.812261  12.355412  18.910786  26.342411  34.557864  43.488916  53.082496  63.295819
 -1.895176  -1.824982  -1.696636  -1.530431  -1.333626  -1.110370  -0.861827  -0.579781  -0.238368   0.126904   0.126906   2.404825   6.500564  11.783790  18.032317  25.116491  32.948115  41.462069  50.607703  60.344188
 -1.743718  -1.679134  -1.561042  -1.408132  -1.227056  -1.021597  -0.791881  -0.528001  -0.208969   0.129261   0.129262   2.294721   6.188473  11.211752  17.153456  23.890195  31.337975  39.434781  48.132391  57.391943
 -1.598311  -1.539114  -1.430879  -1.290722  -1.124744  -0.936321  -0.724294  -0.476878  -0.180318   0.131760   0.131762   2.184427   5.876123  10.639576  16.274632  22.664097  29.728170  37.407943  45.657632  54.440348
 -1.458728  -1.404703  -1.305922  -1.178004  -1.026521  -0.854352  -0.658844  -0.425991  -0.152624   0.134105   0.134107   2.073112   5.561876  10.064600  15.391940  21.432871  28.111793  35.372931  43.172960  51.476982
 -1.324726  -1.275665  -1.185960  -1.069790  -0.932222  -0.775468  -0.595272  -0.376016  -0.125727   0.136627   0.136629   1.961899   5.248242   9.491054  14.511589  20.204943  26.499722  33.343293  40.694795  48.521320
 -1.196081  -1.151784  -1.070790  -0.965902  -0.841684  -0.699408  -0.533319  -0.327725  -0.099862   0.138916   0.138918   1.849679   4.933069   8.915388  13.628336  18.973145  24.882664  31.307434  38.209071  45.556674
 -1.072576  -1.032853  -0.960221  -0.866164  -0.754734  -0.625866  -0.472562  -0.281182  -0.074872   0.141073   0.141075   1.737138   4.618011   8.340357  12.746194  17.742915  23.267646  29.274110  35.726409  42.595646
 -0.954006  -0.918674  -0.854071  -0.770412  -0.671171  -0.554513  -0.412105  -0.236340  -0.051093   0.142564   0.142566   1.623438   4.301509   7.763320  11.861226  16.508863  21.647679  27.234603  33.236233  39.625685
 -0.840173  -0.809057  -0.752162  -0.678485  -0.590707  -0.485001  -0.351157  -0.193369  -0.028807   0.143037   0.143039   1.508690   3.983887   7.184741  10.974073  15.271852  20.023877  25.190301  30.740228  36.648792
 -0.730888  -0.703819  -0.654325  -0.590231  -0.512912  -0.416872  -0.291411  -0.152577  -0.008376   0.142206   0.142208   1.393404   3.666169   6.606262  10.087146  14.035174  18.400515  23.146550  28.244890  33.672690
 -0.625970  -0.602787  -0.560397  -0.505475  -0.437205  -0.348638  -0.234194  -0.114640   0.009556   0.139813   0.139815   1.277571   3.348226   6.027657   9.200131  12.798424  16.777089  21.102739  25.749496  30.696535
 -0.525244  -0.505791  -0.470222  -0.423856  -0.362981  -0.278582  -0.180764  -0.080510   0.024740   0.135928   0.135930   1.161216   3.030132   5.449120   8.313375  11.562129  15.154328  19.059817  23.255230  27.721763
 -0.428543  -0.412671  -0.383651  -0.344505  -0.288441  -0.211344  -0.132689  -0.050187   0.037677   0.130873   0.130875   1.045268   2.714139   4.874641   7.432940  10.334704  13.543246  17.031628  20.778973  24.768486
 -0.335705  -0.323272  -0.300538  -0.265971  -0.210572  -0.151622  -0.089582  -0.022696   0.048935   0.125066   0.125068   0.931654   2.405128   4.312955   6.572127   9.134630  11.968056  15.048610  18.357857  21.880962
 -0.246577  -0.237445  -0.219378  -0.182826  -0.142347  -0.098435  -0.050180   0.002174   0.058356   0.118131   0.118134   0.821778   2.107957   3.773425   5.745641   7.982674  10.456226  13.145523  16.034468  19.110110
 -0.161011  -0.155048  -0.134453  -0.109855  -0.081374  -0.049279  -0.013846   0.024652   0.065994   0.109999   0.110002   0.723374   1.844815   3.297000   5.016664   6.967238   9.124046  11.468973  13.987984  16.669786
 -0.078864  -0.072557  -0.058975  -0.042616  -0.023824  -0.002641   0.020723   0.046092   0.073324   0.102304   0.102307   0.684175   1.747886   3.125320   4.756466   6.606635   8.652423  10.876647  13.265993  15.809750
  0.000001   0.019235   0.076937   0.173106   0.307743   0.480849   0.692421   0.942462   1.230971   1.557947   1.923392   2.327303   2.769683   3.250531   3.769846   4.327630   4.923881   5.558599   6.231786   6.943440
