  -3.99545   -3.86651   -3.63076   -3.32547   -2.96394   -2.55387   -2.10045   -1.60747   -1.07790   -0.51410    0.08195    0.70861    1.36443    2.04819    2.75878    3.49522    4.25663    5.04223    5.85129    6.68314
  -5.37833   -5.20705   -4.89387   -4.48832   -4.00806   -3.46332   -2.86098   -2.20611   -1.50262   -0.75367    0.03814    0.87060    1.74180    2.65011    3.59407    4.57236    5.58384    6.62743    7.70220    8.80724
  -7.31788   -7.09753   -6.69463   -6.17290   -5.55508   -4.85429   -4.07940   -3.23693   -2.33192   -1.36842   -0.34979    0.72114    1.84192    3.01042    4.22478    5.48333    6.78455    8.12710    9.50974   10.93134
 -10.06923   -9.79001   -9.27947   -8.61836   -7.83547   -6.94746   -5.96556   -4.89802   -3.75122   -2.53031   -1.23954    0.11749    1.53769    3.01838    4.55716    6.15194    7.80080    9.50202   11.25405   13.05544
 -14.01470  -13.66219  -13.01766  -12.18302  -11.19465  -10.07356   -8.83394   -7.48619   -6.03839   -4.49703   -2.86747   -1.15426    0.63871    2.50803    4.45070    6.46406    8.54570   10.69344   12.90533   15.17954
 -18.34572  -17.91527  -17.12822  -16.10904  -14.90213  -13.53315  -12.01944  -10.37370   -8.60578   -6.72360   -4.73374   -2.64172   -0.45231    1.83034    4.20256    6.66109    9.20299   11.82563   14.52658   17.30364
 -18.18080  -17.72670  -16.89640  -15.82121  -14.54797  -13.10376  -11.50685   -9.77067   -7.90558   -5.91997   -3.82075   -1.61376    0.69598    3.10407    5.60666    8.20030   10.88190   13.64867   16.49806   19.42774
 -17.99466  -17.51715  -16.64407  -15.51347  -14.17462  -12.65599  -10.97680   -9.15115   -7.18996   -5.10203   -2.89463   -0.57392    1.85484    4.38702    7.01857    9.74586   12.56564   15.47498   18.47120   21.55184
 -17.78769  -17.28703  -16.37163  -15.18622  -13.78246  -12.19022  -10.42962   -8.51546   -6.45920   -4.27005   -1.95565    0.47757    3.02407    5.67901    8.43812   11.29763   14.25411   17.30449   20.44595   23.67594
 -17.56079  -17.03723  -16.07993  -14.84029  -13.37230  -11.70720   -9.86605   -7.86431   -5.71396   -3.42465   -1.00434    1.54021    4.20322    6.97964    9.86500   12.85535   15.94710   19.13705   22.42226   25.80003
 -17.31319  -16.76697  -15.76825  -14.47495  -12.94344  -11.20628   -9.28545   -7.19708   -4.95367   -2.56529   -0.04024    2.61443    5.39269    8.28926   11.29949   14.41925   17.64480   20.97280   24.40018   27.92413
 -17.04570  -16.47706  -15.43735  -14.09097  -12.49661  -10.68815   -8.68848   -6.51440   -4.17893   -1.69252    0.93616    3.69979    6.59207    9.60752   12.74129   15.98909   19.34702   22.81161   26.37965   30.04824
 -16.75938  -16.16855  -15.08827  -13.68936  -12.03277  -10.15374   -8.07604   -5.81712   -3.39050   -0.80706    1.92420    4.79567    7.80082   10.93394   14.19001   17.56455   21.05352   24.65331   28.36059   32.17234
 -16.45508  -15.84228  -14.72182  -13.27088  -11.55268   -9.60377   -7.44880   -5.10587   -2.58900    0.09051    2.92335    5.90162    9.01853   12.26817   15.64534   19.14537   22.76411   26.49777   30.34293   34.29644
 -16.12773  -15.49324  -14.33311  -12.83080  -11.05177   -9.03387   -6.80260   -4.37673   -1.77076    1.00362    3.93675    7.02046   10.24771   13.61241   17.10913   20.73308   24.47993   28.34577   32.32706   36.42053
 -15.78346  -15.12748  -13.92806  -12.37486  -10.53558   -8.44932   -6.14249   -3.63445   -0.94021    1.92814    4.96061    8.14876   11.48533   14.96399   18.57914   22.32584   26.19959   30.19638   34.31251   38.54463
 -15.42163  -14.74437  -13.50604  -11.90246  -10.00352   -7.84959   -5.46793   -2.87853   -0.09690    2.86449    5.99533    9.28690   12.73169   16.32319   20.05562   23.92384   27.92325   32.04968   36.29933   40.66873
 -15.04259  -14.34425  -13.06740  -11.41394   -9.45591   -7.23497   -4.77921   -2.10925    0.75892    3.81244    7.04069   10.43466   13.98663   17.68986   21.53841   25.52698   29.65082   33.90563   38.28750   42.79283
 -14.64870  -13.92947  -12.61442  -10.91149   -8.89489   -6.60751   -4.07828   -1.32845    1.62553    4.77040    8.09522   11.59073   15.24896   19.06298   23.02666   27.13455   31.38176   35.76386   40.27681   44.91693
 -14.24210  -13.50214  -12.14917  -10.39714   -8.32239   -5.96905   -3.36690   -0.53778    2.50137    5.73692    9.15761   12.75391   16.51762   20.44161   24.51958   28.74592   33.11559   37.62404   42.26712   47.04103
 -13.82068  -13.06015  -11.66959   -9.86888   -7.73649   -5.31777   -2.64332    0.26440    3.38799    6.71344   10.22917   13.92538   17.79366   21.82668   26.01795   30.36171   34.85279   39.48650   44.25858   49.16513
 -13.38736  -12.60642  -11.17853   -9.32949   -7.13985   -4.65620   -1.90996    1.07582    4.28326    7.69797   11.30808   15.10351   19.07563   23.21691   27.52069   31.98106   36.59269   41.35078   46.25097   51.28923
 -12.94180  -12.14059  -10.67565   -8.77861   -6.53215   -3.98405   -1.16653    1.89674    5.18742    8.69076   12.39455   16.28849   20.36370   24.61245   29.02793   33.60405   38.33537   43.21695   48.24431   53.41333
 -12.48289  -11.66158  -10.15987   -8.21523   -5.91239   -3.30034   -0.41212    2.72802    6.10128    9.69254   13.48928   17.48094   21.65841   26.01379   30.54007   35.23104   40.08109   45.08517   50.23870   55.53743
 -12.01431  -11.17301   -9.63475   -7.64278   -5.28389   -2.60827    0.35025    3.56682    7.02218   10.70084   14.58999   18.67880   22.95795   27.41933   32.05577   36.86091   41.82900   46.95488   52.23383   57.66153
 -11.53257  -10.67144   -9.09692   -7.05800   -4.64351   -1.90482    1.12344    4.41582    7.95263   11.71800   15.69883   19.88401   24.26403   28.83057   33.57630   38.49471   43.57991   48.82661   54.22999   59.78563
 -11.03687  -10.15607   -8.54561   -6.46013   -3.99051   -1.18929    1.90811    5.27567    8.89324   12.74459   16.81630   21.09705   25.57707   30.24788   35.10197   40.13267   45.33398   50.70048   56.22724   61.90972
 -10.53190   -9.63156   -7.98534   -5.85357   -3.32914   -0.46574    2.70041    6.14272    9.84058   13.77741   17.93950   22.31526   26.89473   31.66921   36.63104   41.77341   47.09017   52.57578   58.22521   64.03383
 -10.01939   -9.09958   -7.41779   -5.23995   -2.66096    0.26433    3.49891    7.01562   10.79340   14.81532   19.06737   23.53770   28.21614   33.09382   38.16289   43.41639   48.84806   54.45224   60.22377   66.15793
  -9.49959   -8.56042   -6.84320   -4.61949   -1.98619    1.00071    4.30341    7.89417   11.75152   15.85814   20.19973   24.76421   29.54118   34.52158   39.69741   45.06155   50.60761   56.32981   62.22289   68.28202
  -8.97158   -8.01313   -6.26068   -3.99134   -1.30400    1.74418    5.11466    8.77911   12.71560   16.90649   21.33718   25.99532   30.87031   35.95291   41.23495   46.70917   52.36903   58.20865   64.22266   70.40612
  -8.43727   -7.45962   -5.67207   -3.35728   -0.61612    2.49312    5.93109    9.66893   13.68427   17.95909   22.47852   27.22996   32.20259   37.38698   42.77480   48.35866   54.13188   60.08846   66.22291   72.53022
  -7.89685   -6.90009   -5.07757   -2.71751    0.07727    3.24732    6.75254   10.56350   14.65737   19.01581   23.62363   28.46800   33.53790   38.82369   44.31690   50.00997   55.89612   61.96920   68.22365   74.65432
  -7.35031   -6.33449   -4.47715   -2.07199    0.77620    4.00683    7.57904   11.46282   15.63493   20.07666   24.77253   29.70948   34.87626   40.26307   45.86125   51.66312   57.66175   63.85089   70.22486   76.77842
  -6.80171   -5.76687   -3.87475   -1.42454    1.47699    4.76812    8.40722   12.36374   16.61398   21.13889   25.92271   30.95211   36.21565   41.70334   47.40636   53.31688   59.42785   65.73289   72.22623   78.90252
  -6.26456   -5.21056   -3.28340   -0.78782    2.16743    5.51950    9.22599   13.25576   17.58470   22.19340   27.06580   32.18833   37.54933   43.13863   48.94725   54.96722   61.19134   67.61313   74.22670   81.02662
  -5.73625   -4.66298   -2.70059   -0.15939    2.84988    6.26324   10.03748   14.14093   18.54900   23.24195   28.20343   33.41961   38.87861   44.57009   50.48490   56.61492   62.95283   69.49202   76.22649   83.15072
  -5.21981   -4.12713   -2.12925    0.45792    3.52162    6.99671   10.83922   15.01688   19.50468   24.28251   29.33372   34.64424   40.20198   45.99640   52.01819   58.25908   64.71162   71.36908   78.22535   85.27482
  -4.71521   -3.60297   -1.56933    1.06413    4.18266    7.71994   11.63122   15.88364   20.45176   25.31509   30.45670   35.86225   41.51945   47.41757   53.54713   59.89970   66.46772   73.24432   80.22330   87.39892
  -4.22572   -3.09374   -1.02402    1.65617    4.83005    8.43010   12.41078   16.73867   21.38785   26.33748   31.57033   37.07181   42.82940   48.83218   55.07051   61.53582   68.22038   75.11724   82.22006   89.52302
  -3.75288   -2.60097   -0.49479    2.23261    5.46239    9.12585   13.17665   17.58076   22.31183   27.34865   32.67367   38.27205   44.13105   50.23957   56.58777   63.16696   69.96926   76.98760   84.21553   91.64712
  -3.29805   -2.12599    0.01705    2.79217    6.07846    9.80602   13.92770   18.40888   23.22273   28.34768   33.76587   39.46221   45.42373   51.63913   58.09842   64.79272   71.71405   78.85519   86.20959   93.77122
  -2.86234   -1.66989    0.51042    3.33381    6.67726   10.46966   14.66303   19.22215   24.11973   29.33382   34.84626   40.64168   46.70689   53.03040   59.60204   66.41278   73.45449   80.71985   88.20217   95.89532
  -2.44653   -1.23346    0.98457    3.85680    7.25808   11.11608   15.38199   20.01997   25.00227   30.30656   35.91434   41.81001   47.98014   54.41303   61.09834   68.02689   75.19042   82.58145   90.19319   98.01941
  -2.36922   -1.15708    1.05924    3.92926    7.32793   11.18296   15.44558   20.07999   25.05846   30.35866   35.96213   41.85327   48.01865   54.44659   61.12675   68.04997   75.20798   82.59333   90.19921   98.01941
  -2.28999   -1.12364    1.00896    3.77057    7.04086   10.75027   14.85187   19.31123   24.10164   29.20163   34.59343   40.26203   46.19452   52.37965   58.80748   65.46919   72.35681   79.46318   86.78176   94.30656
  -2.20882   -1.08827    0.96056    3.61371    6.75554   10.31926   14.25977   18.54397   23.14623   28.04590   33.22593   38.67189   44.37137   50.31356   56.48893   62.88898   69.50607   76.33332   83.36445   90.59370
  -2.12568   -1.05097    0.91406    3.45868    6.47200    9.88995   13.66927   17.77823   22.19224   26.89150   31.85965   37.08284   42.54919   48.24833   54.17109   60.30935   66.65579   73.20377   79.94730   86.88085
  -2.04057   -1.01172    0.86946    3.30550    6.19024    9.46234   13.08040   17.01403   21.23969   25.73843   30.49458   35.49490   40.72799   46.18394   51.85398   57.73032   63.80594   70.07453   76.53030   83.16799
  -1.95350   -0.97053    0.82676    3.15416    5.91026    9.03644   12.49315   16.25135   20.28856   24.58668   29.13073   33.90805   38.90778   44.12041   49.53759   55.15187   60.95655   66.94558   73.11346   79.45513
  -1.86446   -0.92739    0.78596    3.00467    5.63205    8.61223   11.90751   15.49020   19.33887   23.43626   27.76809   32.32231   37.08854   42.05774   47.22193   52.57401   58.10760   63.81694   69.69677   75.74228
  -1.77348   -0.88234    0.74703    2.85699    5.35559    8.18970   11.32346   14.73055   18.39058   22.28714   26.40665   30.73765   35.27026   39.99590   44.90697   49.99673   55.25910   60.68859   66.28023   72.02942
  -1.68060   -0.83542    0.70993    2.71109    5.08085    7.76881   10.74098   13.97238   17.44367   21.13930   25.04639   29.15405   33.45293   37.93489   42.59272   47.42001   52.41102   57.56054   62.86383   68.31656
  -1.58589   -0.78669    0.67461    2.56691    4.80776    7.34951   10.16000   13.21563   16.49810   19.99270   23.68726   27.57148   31.63652   35.87468   40.27914   44.84385   49.56336   54.43277   59.44758   64.60371
  -1.48943   -0.73622    0.64098    2.42437    4.53626    6.93173    9.58047   12.46024   15.55380   18.84728   22.32921   25.98989   29.82098   33.81522   37.96620   42.26820   46.71610   51.30526   56.03147   60.89085
  -1.39132   -0.68412    0.60893    2.28338    4.26625    6.51537    9.00229   11.70613   14.61070   17.70297   20.97218   24.40922   28.00626   31.75648   35.65386   39.69305   43.86922   48.17801   52.61549   57.17799
  -1.29171   -0.63055    0.57834    2.14379    3.99759    6.10031    8.42535   10.95318   13.66868   16.55967   19.61607   22.82938   26.19228   29.69839   33.34208   37.11834   41.02267   45.05100   49.19962   53.46514
  -1.19079   -0.57567    0.54901    2.00543    3.73011    5.68638    7.84949   10.20126   12.72762   15.41726   18.26078   21.25029   24.37896   27.64088   31.03078   34.54403   38.17642   41.92418   45.78385   49.75228
  -1.08876   -0.51971    0.52075    1.86811    3.46364    5.27341    7.27453    9.45019   11.78736   14.27558   16.90617   19.67181   22.56619   25.58384   28.71989   31.97005   35.33043   38.79753   42.36817   46.03942
  -0.98591   -0.46293    0.49329    1.73156    3.19791    4.86115    6.70025    8.69976   10.84771   13.13447   15.55208   18.09379   20.75383   23.52716   26.40930   29.39631   32.48462   35.67101   38.95256   42.32657
  -0.88255   -0.40565    0.46632    1.59549    2.93264    4.44933    6.12639    7.94973    9.90842   11.99370   14.19829   16.51606   18.94173   21.47070   24.09890   26.82272   29.63893   32.54457   35.53698   38.61371
  -0.77904   -0.34822    0.43949    1.45955    2.66750    4.03764    5.55265    7.19981    8.96924   10.85303   12.84460   14.93841   17.12970   19.41430   21.78855   24.24918   26.79326   29.41814   32.12141   34.90085
  -0.67581   -0.29107    0.41240    1.32336    2.40211    3.62571    4.97869    6.44967    8.02986    9.71217   11.49074   13.36061   15.31753   17.35778   19.47810   21.67556   23.94755   26.29169   28.70583   31.18800
  -0.57331   -0.23464    0.38460    1.18648    2.13606    3.21315    4.40412    5.69897    7.08995    8.57082   10.13642   11.78239   13.50499   15.30095   17.16738   19.10172   21.10166   23.16511   25.29018   27.47514
  -0.47203   -0.17941    0.35562    1.04845    1.86891    2.79953    3.82855    4.94732    6.14915    7.42864    8.78135   10.20350   11.69185   13.24358   14.85621   16.52751   18.25549   20.03835   21.87444   23.76228
  -0.37246   -0.12588    0.32498    0.90883    1.60021    2.38444    3.25157    4.19434    5.20710    6.28532    7.42522    8.62364    9.87786   11.18548   12.54442   13.95279   15.40894   16.91132   18.45858   20.04943
  -0.27507   -0.07449    0.29225    0.76716    1.32955    1.96745    2.67280    3.43967    4.26348    5.14052    6.06774    7.04257    8.06278    9.12643   10.23182   11.37743   12.56188   13.78396   15.04253   16.33657
  -0.18029   -0.02569    0.25699    0.62304    1.05652    1.54821    2.09188    2.68298    3.31795    3.99396    4.70865    5.46004    6.24639    7.06624    7.91826    8.80128    9.71424   10.65620   11.62629   12.62371
  -0.08850    0.02016    0.21884    0.47613    0.78080    1.12639    1.50851    1.92396    2.37026    2.84539    3.34772    3.87583    4.42853    5.00476    5.60361    6.22424    6.86592    7.52798    8.20981    8.91086
   0.00000    0.00000    0.00000    0.00000    0.00000    0.00000    0.00000    0.00000    0.00000    0.00000    0.00000    0.00000    0.00000    0.00000    0.00000    0.00000    0.00000    0.00000    0.00000    0.00000
