-12.281568 -12.741069 -13.664726 -15.053602 -17.064809 -20.032519 -24.655890 -32.643321 -49.364238 -105.036047 669.141936 78.626746 41.510661 28.122877 21.239044 17.058240 14.256997 12.253148 10.750827 9.584167
-8.912011 -9.253778 -9.939483 -10.966033 -12.446594 -14.617387 -17.975497 -23.698984 -35.400089 -71.885199 1448.079467 64.724985 33.027087 22.171211 16.706428 13.425090 11.242327 9.689846 8.531516 7.635757
-6.378340 -6.619524 -7.095314 -7.806977 -8.824794 -10.277322 -12.468005 -16.024631 -22.708145 -39.519075 -158.126749 78.534022 31.519353 19.784825 14.473555 11.458033 9.520925 8.175617 7.188820 6.435089
-4.477648 -4.649318 -4.987318 -5.475571 -6.151543 -7.087340 -8.434723 -10.497508 -14.031160 -21.293627 -44.537865 482.098421 37.870145 19.876985 13.583232 10.394079 8.477274 7.202764 6.295610 5.618584
-2.582627 -2.781158 -3.129121 -3.571183 -4.108209 -4.758400 -5.626201 -6.829777 -8.703078 -11.982048 -19.258361 -49.063260 91.185767 23.963843 13.986493 10.001665 7.873502 6.557893 5.666285 5.024044
.000000 -1.511154 -1.065006 -.741318 -1.140194 -1.947633 -3.054065 -4.399546 -5.933135 -8.024343 -11.775127 -21.646519 -129.659103 32.929544 14.831706 9.749406 7.390726 6.042725 5.176050 4.573961
.000000 -1.570186 -1.067163 -.815599 -1.282512 -2.187369 -3.391671 -4.824892 -6.546360 -9.165661 -14.646803 -35.631995 84.965888 19.659227 11.316449 8.101161 6.420229 5.396125 4.710470 4.220541
.000000 -1.584718 -1.045306 -.845435 -1.448303 -2.435318 -3.732938 -5.269155 -7.252310 -10.657747 -19.368249 -100.615684 32.111942 14.077686 9.198760 6.968795 5.706147 4.899820 4.342724 3.935518
.000000 -1.579277 -.996183 -.897591 -1.630121 -2.695846 -4.079556 -5.744367 -8.093986 -12.725106 -28.677548 121.273176 19.824844 11.004794 7.784088 6.143157 5.158785 4.506834 4.044798 3.700666
.000000 -1.504627 -.909447 -.967515 -1.821045 -2.962035 -4.432858 -6.265504 -9.135819 -15.817338 -55.787271 37.670780 14.351076 9.061073 6.772759 5.514667 4.725851 4.187841 3.798411 3.503663
.000000 -1.453746 -.872456 -1.067566 -2.007334 -3.232978 -4.799254 -6.856816 -10.488068 -21.014944 -1389.506962 22.215758 11.255507 7.722255 6.014490 5.020479 4.374895 3.923692 3.591141 3.335896
.000000 -1.398999 -.828331 -1.193691 -2.192170 -3.507945 -5.184763 -7.549382 -12.340599 -31.661058 59.535410 15.708906 9.268260 6.745675 5.425549 4.622057 4.084796 3.701399 3.414333 3.191256
.000000 -1.360005 -.838666 -1.339780 -2.386619 -3.787049 -5.597481 -8.389461 -15.064386 -65.924394 28.845057 12.127170 7.887573 6.003173 4.955578 4.294311 3.841096 3.511760 3.261704 3.065219
.000000 -1.317341 -.862156 -1.490639 -2.583980 -4.067395 -6.049068 -9.449709 -19.501487 582.872648 18.892269 9.863718 6.874345 5.420166 4.571896 4.019842 3.633285 3.347850 3.128389 2.954198
.000000 -1.291294 -.878518 -1.639608 -2.792103 -4.366530 -6.574392 -10.878729 -28.172973 52.110416 13.964803 8.308931 6.101512 4.951240 4.253052 3.786646 3.453858 3.204585 3.010743 2.855460
.000000 -1.245022 -.914212 -1.775796 -3.001526 -4.680512 -7.192981 -12.898201 -52.372563 26.865553 11.034776 7.179758 5.494445 4.566731 3.984400 3.586400 3.297628 3.078503 2.906331 2.767226
.000000 -1.222691 -.951649 -1.904837 -3.213766 -5.019173 -7.953358 -16.007356 -501.175663 17.903833 9.098846 6.325567 5.006115 4.246126 3.755046 3.412556 3.160290 2.966598 2.812942 2.687813
.000000 -1.187802 -1.015648 -2.031046 -3.432884 -5.395041 -8.929749 -21.446411 63.065092 13.319189 7.731153 5.659429 4.605836 3.975170 3.557146 3.260307 3.038661 2.866623 2.728931 2.615961
.000000 -1.153284 -1.105927 -2.175330 -3.660323 -5.819753 -10.239365 -33.388019 28.993363 10.544152 6.718855 5.127426 4.272611 3.743601 3.384955 3.126083 2.930358 2.776897 2.653053 2.550725
.000000 -1.115149 -1.202475 -2.325062 -3.893903 -6.309406 -12.099908 -80.748345 18.534930 8.692445 5.943008 4.694046 3.991462 3.543691 3.233920 3.006963 2.833362 2.695962 2.584200 2.491245
.000000 -1.080207 -1.312309 -2.476981 -4.142698 -6.904410 -15.004767 160.633589 13.460278 7.377232 5.332338 4.335229 3.751418 3.369488 3.100375 2.900482 2.745915 2.622491 2.521342 2.436681
.000000 -1.042058 -1.419392 -2.623891 -4.405274 -7.649150 -20.167256 38.554981 10.475270 6.401779 4.841478 4.034151 3.544570 3.216665 2.981689 2.804898 2.666799 2.555581 2.463788 2.386480
.000000 -1.012832 -1.500252 -2.763398 -4.688103 -8.633101 -31.996965 21.329225 8.522116 5.654439 4.439761 3.778451 3.364693 3.081568 2.875501 2.718572 2.594790 2.494286 2.410760 2.339994
.000000 -.974791 -1.581639 -2.901708 -5.006983 -10.028196 -87.620230 14.459882 7.158530 5.067597 4.106197 3.559105 3.207062 2.961384 2.779949 2.640175 2.528882 2.437806 2.361602 2.296669
.000000 -.950641 -1.660162 -3.033473 -5.368690 -12.155627 99.495364 10.787319 6.163170 4.597305 3.825880 3.369445 3.068160 2.854023 2.693654 2.568731 2.468340 2.385556 2.315832 2.256096
.000000 -.901934 -1.736472 -3.167655 -5.815336 -15.898019 29.900480 8.526057 5.411728 4.213538 3.587357 3.203810 2.944654 2.757245 2.614993 2.502975 2.412146 2.336677 2.272712 2.217624
.000000 -.907932 -1.817907 -3.312504 -6.409935 -24.275528 16.979562 7.019314 4.829235 3.895748 3.382432 3.058106 2.834138 2.669474 2.542833 2.442045 2.359598 2.290589 2.231749 2.180822
.000000 -.905753 -1.871397 -3.460276 -7.233981 -58.928830 11.600356 5.960045 4.367911 3.629702 3.205325 2.929471 2.734991 2.589684 2.476464 2.385402 2.310269 2.246940 2.192643 2.145437
.000000 -.917777 -1.883813 -3.609458 -8.467977 98.461969 8.709302 5.184157 3.995860 3.404725 3.051207 2.815246 2.645504 2.516632 2.414908 2.332250 2.263484 2.205154 2.154892 2.111031
.000000 -.916082 -1.862595 -3.772458 -10.549745 24.689449 6.945585 4.597004 3.691118 3.212612 2.915987 2.712924 2.563904 2.448934 2.357035 2.281630 2.218427 2.164519 2.117881 2.077070
.000000 -.913759 -1.833334 -3.981096 -14.876793 13.577155 5.779590 4.140923 3.438078 3.046865 2.796102 2.620129 2.488386 2.385137 2.301631 2.232516 2.174219 2.124288 2.080974 2.043019
.000000 -.938473 -1.811012 -4.271727 -29.140053 9.239893 4.963529 3.779422 3.225582 2.902443 2.688581 2.534768 2.417322 2.323919 2.247605 2.184002 2.130120 2.083859 2.043682 2.008480
.000000 -.995928 -1.802168 -4.718955 218.358130 6.996067 4.367535 3.487648 3.044690 2.774700 2.590354 2.454515 2.348856 2.263782 2.193757 2.135143 2.085387 2.042645 2.005548 1.973086
.000000 -1.045843 -1.811754 -5.537366 21.019204 5.653120 3.917474 3.247750 2.887942 2.659312 2.498374 2.377040 2.281180 2.203384 2.139112 2.085240 2.039523 2.000301 1.966326 1.936665
.000000 -1.094194 -1.839737 -7.384074 10.919131 4.774998 3.568574 3.046968 2.749433 2.552621 2.410074 2.300532 2.213175 2.142078 2.083349 2.034195 1.992577 1.956967 1.926206 1.899429
.000000 -1.100351 -1.846232 -12.765547 7.446181 4.168196 3.293181 2.876262 2.624529 2.451671 2.323575 2.224044 2.144538 2.079983 2.026833 1.982508 1.945109 1.913216 1.885754 1.861916
.000000 -1.054742 -1.903301 -62.450135 5.728183 3.728233 3.068059 2.724600 2.506151 2.351758 2.235986 2.145995 2.074493 2.016781 1.969507 1.930255 1.897260 1.869213 1.845131 1.824277
.000000 -.961625 -2.202092 21.998651 4.728902 3.395095 2.874693 2.581867 2.388314 2.249842 2.146256 2.066422 2.003558 1.953164 1.912096 1.878128 1.849661 1.825523 1.804840 1.786960
.000000 -.877281 -2.984026 9.766732 4.085921 3.125184 2.694547 2.438318 2.266858 2.145067 2.055058 1.986470 1.932911 1.890208 1.855532 1.826924 1.802992 1.782728 1.765386 1.750407
.000000 -.845039 -4.820250 6.576362 3.629414 2.881053 2.511995 2.289490 2.142655 2.040018 1.965079 1.908442 1.864431 1.829437 1.801066 1.777681 1.758130 1.741582 1.727425 1.715200
.000000 -.966388 -11.061496 5.145845 3.246700 2.631834 2.322281 2.139526 2.021083 1.939146 1.879651 1.834809 1.800001 1.772329 1.749890 1.731388 1.715913 1.702811 1.691599 1.681913
.000000 -1.509573 374.170555 4.251182 2.859940 2.376441 2.138049 1.999050 1.909294 1.847198 1.802052 1.767970 1.741471 1.720372 1.703239 1.689095 1.677253 1.667218 1.658623 1.651194
.000000 -3.284589 15.265809 3.453918 2.487843 2.147890 1.978521 1.878715 1.813718 1.768463 1.735399 1.710348 1.690815 1.675225 1.662540 1.652052 1.643258 1.635798 1.629404 1.623871
.000000 -7.382637 9.785511 2.933151 2.232528 1.988348 1.864968 1.791585 1.743507 1.709892 1.685263 1.666561 1.651954 1.640281 1.630774 1.622907 1.616306 1.610703 1.605898 1.601739
.000000 -7.739128 8.791954 2.836648 2.191867 1.961543 1.844363 1.774438 1.728546 1.696428 1.672873 1.654973 1.640985 1.629801 1.620689 1.613146 1.606817 1.601443 1.596833 1.592842
.000000 -7.702284 8.875659 2.831266 2.183867 1.953250 1.836097 1.766255 1.720448 1.688403 1.664910 1.647062 1.633116 1.621968 1.612886 1.605368 1.599061 1.593705 1.589111 1.585135
.000000 -7.666379 8.944338 2.823967 2.174877 1.944199 1.827176 1.757476 1.711789 1.679842 1.656428 1.638644 1.624750 1.613645 1.604599 1.597111 1.590828 1.585495 1.580920 1.576960
.000000 -7.631096 8.995423 2.814660 2.164879 1.934385 1.817603 1.748103 1.702574 1.670749 1.647431 1.629724 1.615892 1.604836 1.595832 1.588379 1.582126 1.576817 1.572264 1.568323
.000000 -7.596218 9.026074 2.803285 2.153874 1.923821 1.807392 1.738155 1.692820 1.661142 1.637938 1.620320 1.606559 1.595561 1.586604 1.579191 1.572971 1.567691 1.563163 1.559243
.000000 -7.561608 9.033524 2.789839 2.141905 1.912556 1.796595 1.727681 1.682578 1.651071 1.627997 1.610480 1.596799 1.585867 1.576963 1.569594 1.563412 1.558164 1.553663 1.549767
.000000 -7.526492 9.014662 2.774357 2.129045 1.900667 1.785286 1.716755 1.671920 1.640608 1.617680 1.600276 1.586685 1.575824 1.566979 1.559659 1.553517 1.548304 1.543833 1.539963
.000000 -7.489915 8.966475 2.756968 2.115432 1.888288 1.773598 1.705506 1.660971 1.629875 1.607108 1.589827 1.576332 1.565550 1.556768 1.549500 1.543404 1.538228 1.533789 1.529947
.000000 -7.451540 8.886369 2.737927 2.101295 1.875635 1.761732 1.694130 1.649923 1.619060 1.596466 1.579317 1.565926 1.555225 1.546511 1.539299 1.533249 1.528113 1.523708 1.519895
.000000 -7.410592 8.772168 2.717625 2.086971 1.863017 1.749986 1.682912 1.639056 1.608439 1.586026 1.569014 1.555730 1.545115 1.536470 1.529316 1.523314 1.518219 1.513849 1.510067
.000000 -7.367200 8.622426 2.696651 2.072952 1.850888 1.738789 1.672268 1.628773 1.598408 1.576178 1.559305 1.546129 1.535600 1.527025 1.519928 1.513975 1.508920 1.504585 1.500833
.000000 -7.320384 8.436953 2.675922 2.059975 1.839920 1.728776 1.662810 1.619673 1.589554 1.567503 1.550765 1.537693 1.527247 1.518739 1.511697 1.505789 1.500774 1.496472 1.492749
.000000 -7.269061 8.216768 2.656693 2.049057 1.831039 1.720829 1.655390 1.612587 1.582697 1.560809 1.544194 1.531216 1.520844 1.512396 1.505404 1.499537 1.494556 1.490284 1.486586
.000000 -7.215596 7.965026 2.640812 2.041686 1.825604 1.716233 1.651254 1.608734 1.579033 1.557280 1.540764 1.527862 1.517549 1.509149 1.502196 1.496361 1.491408 1.487158 1.483480
.000000 -7.161982 7.686847 2.630827 2.039955 1.825536 1.716821 1.652176 1.609852 1.580277 1.558609 1.542154 1.529298 1.519021 1.510648 1.503717 1.497900 1.492962 1.488725 1.485058
.000000 -7.112796 7.390309 2.630429 2.046929 1.833654 1.725283 1.660770 1.618502 1.588951 1.567294 1.550841 1.537985 1.527706 1.519330 1.512396 1.506576 1.501634 1.497395 1.493725
.000000 -7.076524 7.086397 2.644929 2.067108 1.854125 1.745608 1.680914 1.638491 1.608813 1.587052 1.570516 1.557591 1.547254 1.538830 1.531855 1.526001 1.521029 1.516763 1.513070
.000000 -7.068638 6.789051 2.682086 2.107245 1.893243 1.783839 1.718503 1.675610 1.645580 1.623550 1.606802 1.593707 1.583232 1.574694 1.567622 1.561686 1.556645 1.552319 1.548573
.000000 -7.116678 6.514750 2.753515 2.177846 1.960891 1.849510 1.782845 1.739019 1.708308 1.685763 1.668614 1.655201 1.644468 1.635716 1.628468 1.622382 1.617212 1.612776 1.608934
.000000 -7.272487 6.281536 2.876969 2.295970 2.073361 1.958426 1.889430 1.843990 1.812108 1.788684 1.770855 1.756902 1.745733 1.736624 1.729076 1.722738 1.717353 1.712732 1.708729
.000000 -7.644756 6.106202 3.079273 2.490495 2.259056 2.138494 2.065789 2.017775 1.984026 1.959197 1.940281 1.925467 1.913603 1.903921 1.895897 1.889156 1.883427 1.878510 1.874250
.000000 -8.507482 5.998925 3.396894 2.810863 2.569852 2.442127 2.364433 2.312858 2.276482 2.249657 2.229185 2.213130 2.200257 2.189745 2.181025 2.173697 2.167465 2.162114 2.157477
.000000 -10.831181 5.953736 3.860605 3.324700 3.089535 2.960982 2.881392 2.827964 2.789995 2.761842 2.740268 2.723297 2.709656 2.698493 2.689219 2.681413 2.674769 2.669057 2.664103
.000000 -22.589158 5.933538 4.461841 4.038370 3.845129 3.737229 3.669541 3.623701 3.590918 3.566497 3.547717 3.532901 3.520966 3.511182 3.503040 3.496179 3.490332 3.485301 3.480934
.000000 19.486480 5.879392 5.133250 4.885586 4.766837 4.698873 4.655613 4.626037 4.604745 4.588808 4.576507 4.566776 4.558918 4.552465 4.547087 4.542549 4.538678 4.535344 4.532448
.000000 .000000 .000000 .000000 .000000 .000000 .000000 .000000 .000000 .000000 .000000 .000000 .000000 .000000 .000000 .000000 .000000 .000000 .000000 .000000
