  49.07043   49.26353   49.61333   50.06027   50.57912   51.16052   51.78840   52.47325   53.20974   53.99954   54.83663   55.71535   56.63851   57.60097   58.59375   59.62224   60.68679   61.78318   62.90618   64.05235
  47.93176   48.18487   48.64253   49.21902   49.88672   50.62470   51.42761   52.28258   53.19290   54.17752   55.22983   56.34931   57.52674   58.75626   60.04401   61.38439   62.77532   64.21882   65.71142   67.24996
  46.67592   46.98226   47.50053   48.19173   49.02239   49.88906   50.86201   51.87064   52.95352   54.07856   55.31047   56.63389   58.05602   59.56072   61.14763   62.82813   64.59519   66.44406   68.36382   70.34416
  45.08644   45.51685   46.27969   47.19044   48.20025   49.23902   50.31785   51.41696   52.63395   53.87947   55.20655   56.64131   58.23268   59.99627   61.90103   63.94374   66.12949   68.44081   70.85110   73.35311
  36.19473   37.99671   40.73383   43.50780   45.98995   47.93402   49.70150   51.12902   52.55261   53.88364   55.22284   56.63178   58.24102   60.10204   62.24974   64.65137   67.28456   70.12646   73.12527   76.26267
   0.00000   27.07273   18.24166   11.94192   16.99131   26.35762   36.70815   45.63956   51.05923   53.95251   55.74035   57.18395   58.64559   60.27232   62.33111   64.94165   68.01679   71.45901   75.19030   79.14617
   0.00000   27.83422   18.03122   12.90377   18.65794   28.66275   39.02747   47.14240   51.75281   54.26047   55.96174   57.50134   59.13435   61.02368   63.44748   66.43197   69.86432   73.64994   77.71361   81.99557
   0.00000   27.75974   17.39815   13.11563   20.52914   30.82136   40.97573   48.21882   52.14382   54.37616   56.06399   57.74497   59.56242   61.75910   64.56210   67.91688   71.70140   75.82461   80.21530   84.81764
   0.00000   27.30102   16.30914   13.63102   22.46708   32.86294   42.54822   48.91595   52.28069   54.33689   56.08314   57.91701   59.95169   62.49631   65.68310   69.40311   73.53389   77.98844   82.69976   87.61674
   0.00000   25.63467   14.62385   14.35820   24.35156   34.67714   43.73478   49.27383   52.20169   54.16877   56.02941   58.02107   60.32080   63.24305   66.81329   70.89296   75.36364   80.14293   85.16895   90.39463
   0.00000   24.37491   13.75710   15.45297   25.98181   36.22966   44.56323   49.34905   51.95446   53.90934   55.91238   58.08165   60.69747   64.01180   67.96068   72.39153   77.19417   82.29082   87.62448   93.15201
   0.00000   23.05139   12.78723   16.82027   27.39468   37.49343   45.04773   49.17973   51.57044   53.58685   55.73483   58.11963   61.09700   64.80919   69.12850   73.90247   79.02865   84.43486   90.06891   95.89161
   0.00000   21.98932   12.65402   18.34072   28.71764   38.45270   45.20547   48.80249   51.07581   53.20505   55.50361   58.15792   61.52953   65.63836   70.31970   75.42763   80.86859   86.57651   92.50385   98.61525
   0.00000   20.86968   12.69251   19.78209   29.85190   39.06233   45.05830   48.24899   50.48944   52.75813   55.22874   58.21187   61.99646   66.49555   71.52885   76.96137   82.70849   88.71056   94.92448  101.31848
   0.00000   20.00632   12.59189   21.03748   30.85770   39.44664   44.72298   47.61322   49.88747   52.29930   54.97597   58.33248   62.52655   67.39830   72.76602   78.50883   84.55019   90.83642   97.32848  103.99735
   0.00000   18.83404   12.73319   21.97524   31.62282   39.54716   44.18281   46.87783   49.24128   51.80052   54.73925   58.50614   63.10552   68.33651   74.02675   80.06939   86.39652   92.95962   99.72354  106.66169
   0.00000   18.02780   12.85301   22.67226   32.14897   39.39845   43.48837   46.07764   48.56377   51.28540   54.55060   58.74490   63.73633   69.31033   75.30975   81.64146   88.24556   95.07853  102.10793  109.30996
   0.00000   17.03814   13.27188   23.18223   32.46105   39.03297   42.67715   45.23592   47.86116   50.77865   54.43263   59.05422   64.42011   70.32021   76.61526   83.22580   90.09879   97.19464  104.48392  111.94437
   0.00000   16.06464   13.95063   23.73610   32.55818   38.45407   41.75901   44.35428   47.12947   50.29984   54.39063   59.43061   65.15288   71.36420   77.94420   84.82487   91.95979   99.31255  106.85650  114.57073
   0.00000   15.05690   14.60907   24.17399   32.40658   37.66118   40.73917   43.42478   46.36272   49.86790   54.42376   59.86742   65.92945   72.43875   79.29435   86.43790   93.82845  101.43297  109.22669  117.19072
   0.00000   14.10767   15.31412   24.44503   32.04996   36.71608   39.66239   42.47218   45.60331   49.52662   54.54539   60.36972   66.75148   73.54474   80.66539   88.06361   95.70278  103.55296  111.59101  119.79972
   0.00000   13.13662   15.86672   24.47956   31.45301   35.61601   38.51864   41.47816   44.86826   49.28072   54.74781   60.92984   67.61492   74.68102   82.05812   89.70361   97.58535  105.67528  113.95257  122.40070
   0.00000   12.29638   16.01617   24.25880   30.62340   34.39467   37.32535   40.45598   44.20778   49.14136   55.02885   61.54526   68.51759   75.84494   83.46984   91.35505   99.47222  107.79542  116.30545  124.98685
   0.00000   11.36760   16.06925   23.83819   29.60326   33.09648   36.10986   39.44689   43.67621   49.11787   55.38965   62.21648   69.45988   77.03683   84.89984   93.01609  101.36034  109.90891  118.64379  127.55110
   0.00000   10.62152   15.99524   23.18416   28.36759   31.70514   34.84831   38.47640   43.27887   49.19502   55.81956   62.93718   70.43865   78.25540   86.34716   94.68574  103.24821  112.01350  120.96478  130.08996
   0.00000    9.62493   15.79655   22.35730   27.00359   30.28285   33.59131   37.64956   43.03747   49.37426   56.31730   63.70461   71.44917   79.49295   87.80180   96.35131  105.12110  114.09201  123.24917  132.58203
   0.00000    9.22102   15.53511   21.39919   25.57892   28.87053   32.39894   37.03161   42.94753   49.64969   56.88000   64.51701   72.48894   80.74594   89.25846   98.00578  106.96997  116.13398  125.48508  135.01407
   0.00000    8.72381   14.94375   20.25498   24.08296   27.44555   31.32571   36.61087   42.98276   50.00788   57.50193   65.37192   73.55682   82.01324   90.71544   99.64635  108.79093  118.13463  127.66709  137.38053
   0.00000    8.35139   13.97373   18.91336   22.53291   26.02689   30.47310   36.37008   43.12892   50.44210   58.17848   66.26441   74.64592   83.28496   92.15987  101.25787  110.56682  120.07556  129.77575  139.66140
   0.00000    7.84204   12.74612   17.42685   20.95380   24.70688   29.88967   36.28955   43.37623   50.94604   58.90216   67.18344   75.74075   84.54107   93.56817  102.81381  112.26927  121.92693  131.78069  141.82657
   0.00000    7.32207   11.47792   15.88992   19.39940   23.68106   29.56061   36.35360   43.71722   51.51180   59.66092   68.11109   76.81725   85.75262   94.90765  104.27895  113.86174  123.65196  133.64569  143.84108
   0.00000    7.00065   10.27219   14.34140   17.95382   23.03612   29.43914   36.54298   44.13973   52.12525   60.43532   69.02162   77.84403   86.88433   96.14087  105.61540  115.30742  125.21584  135.33860  145.67549
   0.00000    6.87199    9.15064   12.82380   16.87252   22.71849   29.49197   36.84176   44.62714   52.76317   61.19357   69.87514   78.77569   87.88839   97.22049  106.77843  116.56504  126.58111  136.82578  147.29940
   0.00000    6.62488    8.11150   11.47334   16.31513   22.65111   29.69069   37.22838   45.15275   53.39010   61.89106   70.62063   79.55904   88.71500   98.10236  107.72999  117.60246  127.72103  138.08493  148.69410
   0.00000    6.31007    7.12852   10.51889   16.12742   22.76776   30.00180   37.67191   45.67901   53.95957   62.47565   71.20633   80.15156   89.33181   98.76400  108.45695  118.41454  128.63707  139.12260  149.86974
   0.00000    5.73345    6.06192   10.05700   16.13906   23.00636   30.38285   38.12705   46.15156   54.41092   62.88941   71.58827   80.52597   89.72761   99.20792  108.97295  119.02380  129.35855  139.97330  150.86477
   0.00000    4.91824    5.14004    9.95414   16.32466   23.35081   30.79560   38.52838   46.48660   54.65945   63.06246   71.71829   80.65341   89.88810   99.43037  109.28124  119.43788  129.89540  140.64783  151.68993
   0.00000    3.96875    4.68880   10.07353   16.65340   23.75449   31.15943   38.77159   46.58331   54.63180   62.95769   71.58962   80.54700   89.83851   99.46375  109.41802  119.69457  130.28589  141.18424  152.38266
   0.00000    3.16082    4.68294   10.39305   17.09002   24.12623   31.34086   38.72937   46.36123   54.30256   62.59027   71.23930   80.25342   89.62907   99.35843  109.43222  119.84079  130.57474  141.62507  152.98365
   0.00000    2.61434    4.93603   10.89160   17.53024   24.28755   31.17581   38.32301   45.82677   53.72893   62.03820   70.74940   79.85248   89.33540   99.18560  109.39102  119.94027  130.82285  142.02901  153.54992
   0.00000    2.51355    5.47312   11.48868   17.73474   24.01772   30.59988   37.61450   45.09406   53.03304   61.41508   70.22189   79.43594   89.04105   99.02238  109.36650  120.06119  131.09536  142.45889  154.14252
   0.00000    3.20933    6.37837   11.87003   17.38404   23.30344   29.77811   36.80027   44.33902   52.36378   60.84786   69.76800   79.10411   88.83852   98.95549  109.44106  120.28260  131.46876  142.98922  154.83450
   0.00000    5.48491    7.79191   11.51471   16.61198   22.48767   29.01111   36.11294   43.74639   51.87578   60.47216   69.51143   78.97272   88.83784   99.09078  109.71733  120.70471  132.04140  143.71692  155.72167
   0.00000    9.10616    9.63449   11.31258   16.20388   22.10264   28.68691   35.86749   43.59164   51.82094   60.52511   69.67895   79.26100   89.25268   99.63761  110.40129  121.53073  133.01419  144.84104  157.00150
   0.00000    8.95479    9.31276   11.14593   16.06184   21.93585   28.48725   35.63070   43.31471   51.50127   60.16007   69.26604   78.79786   88.73709   99.06746  109.77456  120.84545  132.26849  144.03307  156.12949
   0.00000    8.65456    8.95520   10.67550   15.37630   20.99796   27.26947   34.10855   41.46561   49.30411   57.59496   66.31408   75.44104   84.95813   94.84977  105.10216  115.70291  126.64086  137.90585  149.48859
   0.00000    8.34310    8.59161   10.20499   14.69248   20.06269   26.05511   32.59058   39.62146   47.11269   55.03638   63.36947   72.09240   81.18823   90.64205  100.44067  110.57223  121.02607  131.79250  142.86261
   0.00000    8.02005    8.22235    9.73500   14.01110   19.13096   24.84530   31.07819   37.78393   44.92895   52.48658   60.43479   68.75488   77.43067   86.44794   95.79409  105.45783  115.42897  125.69826  136.25721
   0.00000    7.68526    7.84780    9.26625   13.33300   18.20384   23.64141   29.57301   35.95497   42.75519   49.94823   57.51308   65.43191   73.68930   82.27173   91.16718  100.36491  109.85522  119.62931  129.67910
   0.00000    7.33874    7.46858    8.79961   12.65922   17.28269   22.44512   28.07715   34.13709   40.59436   47.42474   54.60824   62.12791   69.96910   78.11895   86.56606   95.30020  104.31219  113.59365  123.13692
   0.00000    6.98001    7.08516    8.33602   11.99089   16.36898   21.25831   26.59289   32.33304   38.44971   44.91989   51.72461   58.84781   66.27558   73.99575   81.99751   90.27118   98.80804  107.60017  116.64031
   0.00000    6.60869    6.69821    7.87663   11.32939   15.46452   20.08326   25.12305   30.54622   36.32524   42.43834   48.86754   55.59766   62.61557   69.90973   77.46995   85.28709   93.35289  101.65988  110.20119
   0.00000    6.22519    6.30870    7.42276   10.67636   14.57146   18.92272   23.67102   28.78072   34.22580   39.98570   46.04348   52.38481   58.99730   65.87010   72.99359   80.35914   87.95901   95.78613  103.83403
   0.00000    5.82981    5.91776    6.97590   10.03366   13.69227   17.77987   22.24075   27.04131   32.15704   37.56859   43.26003   49.21788   55.43051   61.88769   68.58041   75.50056   82.64085   89.99466   97.55590
   0.00000    5.42385    5.52677    6.53769    9.40346   12.82986   16.65842   20.83686   25.33361   30.12564   35.19480   40.52616   46.10708   51.92666   57.97534   64.24464   70.72699   77.41555   84.30411   91.38699
   0.00000    5.00805    5.13753    6.11014    8.78836   11.98776   15.56295   19.46507   23.66455   28.13983   32.87396   37.85296   43.06503   48.49999   54.14890   60.00387   66.05780   72.30431   78.73760   85.35237
   0.00000    4.58351    4.75206    5.69538    8.19128   11.16990   14.49858   18.13179   22.04194   26.20894   30.61695   35.25299   40.10604   45.16663   50.42644   55.87810   61.51502   67.33125   73.32141   79.48054
   0.00000    4.15383    4.37292    5.29597    7.61572   10.38108   13.47155   16.84486   20.47536   24.34436   28.43716   32.74167   37.24769   41.94640   46.83007   51.89189   57.12572   62.52604   68.08784   73.80653
   0.00000    3.72218    4.00295    4.91466    7.06566    9.62679   12.48906   15.61337   18.97591   22.55937   26.35012   30.33696   34.51043   38.86237   43.38563   48.07389   52.92145   57.92323   63.07457   68.37122
   0.00000    3.29276    3.64558    4.55474    6.54589    8.91367   11.55983   14.44830   17.55704   20.87003   24.37467   28.06060   31.91908   35.94257   40.12444   44.45885   48.94055   53.56482   58.32737   63.22426
   0.00000    2.87059    3.30456    4.21995    6.06208    8.24962   10.69428   13.36281   16.23486   19.29562   22.53343   25.93875   29.50347   33.22063   37.08412   41.08853   45.22902   49.50123   53.90118   58.42526
   0.00000    2.46147    2.98375    3.91464    5.62107    7.64424    9.90504   12.37289   15.02895   17.85953   20.85385   24.00308   27.29972   30.73734   34.31028   38.01356   41.84267   45.79360   49.86267   54.04652
   0.00000    2.07144    2.68669    3.64389    5.23143    7.10963    9.20814   11.49877   13.96408   16.59138   19.37065   22.29370   25.35358   28.54431   31.86065   35.29795   38.85206   42.51923   46.29606   50.17943
   0.00000    1.70640    2.41587    3.41346    4.90433    6.66202    8.62515   10.76781   13.07379   15.53125   18.13085   20.86491   23.72695   26.71137   29.81328   33.02833   36.35263   39.78268   43.31530   46.94756
   0.00000    1.37157    2.17147    3.22848    4.65451    6.32430    8.18733   10.22012   12.40759   14.73861   17.20439   19.79765   22.51227   25.34296   28.28505   31.33445   34.48746   37.74077   41.09135   44.53645
   0.00000    1.07090    1.94956    3.08719    4.49798    6.12765    7.94075    9.91725   12.04329   14.30841   16.70420   19.22369   21.86098   24.61094   27.46907   30.43140   33.49435   36.65471   39.90954   43.25617
   0.00000    0.80686    1.73996    2.96170    4.42035    6.07851    7.91412    9.91105   12.05696   14.34202   16.75815   19.29853   21.95733   24.72948   27.61049   30.59639   33.68360   36.86891   40.14938   43.52230
   0.00000    0.58033    1.52485    2.77992    4.26663    5.95307    7.81785    9.84530   12.02327   14.34200   16.79340   19.37066   22.06790   24.88000   27.80245   30.83123   33.96272   37.19367   40.52111   43.94230
   0.00000    0.39286    1.28666    2.44408    3.81467    5.36930    7.08829    8.95722   10.96490   13.10232   15.36204   17.73777   20.22409   22.81630   25.51022   28.30216   31.18878   34.16708   37.23432   40.38799
   0.00000    0.00000    0.00000    0.00000    0.00000    0.00000    0.00000    0.00000    0.00000    0.00000    0.00000    0.00000    0.00000    0.00000    0.00000    0.00000    0.00000    0.00000    0.00000    0.00000
