  -3.02845   -2.88935   -2.63527   -2.30675   -1.91837   -1.47856   -0.99299   -0.46580    0.09985    0.70141    1.33678    2.00421    2.70218    3.42940    4.18468    4.96704    5.77554    6.60936    7.46774    8.34998
  -4.50587   -4.32044   -3.98184   -3.54427   -3.02736   -2.44244   -1.79708   -1.09675   -0.34559    0.45307    1.29648    2.18232    3.10863    4.07370    5.07599    6.11418    7.18703    8.29349    9.43256   10.60333
  -6.58642   -6.34663   -5.90879   -5.34324   -4.67575   -3.92123   -3.08950   -2.18764   -1.22096   -0.19362    0.89097    2.02993    3.22074    4.46123    5.74950    7.08386    8.46277    9.88484   11.34881   12.85354
  -9.56033   -9.25426   -8.69461   -7.97151   -7.11890   -6.15680   -5.09815   -3.95178   -2.72434   -1.42111   -0.04624    1.39681    2.90512    4.47610    6.10736    7.79679    9.54255   11.34292   13.19632   15.10131
 -13.86349  -13.47874  -12.76899  -11.84762  -10.75907   -9.53032   -8.17924   -6.71916   -5.15970   -3.50753   -1.76763    0.05629    1.96106    3.94391    6.00222    8.13355   10.33568   12.60657   14.94427   17.34700
 -18.34571  -17.91415  -17.11519  -16.05846  -14.78210  -13.30775  -11.65426   -9.84620   -7.91523   -5.87954   -3.74424   -1.51158    0.81646    3.23775    5.74995    8.35066   11.03743   13.80789   16.65978   19.59097
 -18.18080  -17.72507  -16.87898  -15.75847  -14.40522  -12.84345  -11.09562   -9.19124   -7.16205   -5.02203   -2.77525   -0.42404    2.02921    4.58185    7.23116    9.97435   12.80869   15.73157   18.74056   21.83337
 -17.99466  -17.51484  -16.62157  -15.43768  -14.00823  -12.36040  -10.52064   -8.52303   -6.39723   -4.15375   -1.79616    0.67287    3.25043    5.93340    8.71862   11.60298   14.58348   17.65729   20.82182   24.07462
 -17.78769  -17.28384  -16.34341  -15.09654  -13.59166  -11.85924   -9.93013   -7.84194   -5.62071   -3.27446   -0.80672    1.77937    4.48032    7.29254   10.21247   13.23668   16.36192   19.58519   22.90371   26.31490
 -17.56078  -17.03291  -16.04540  -14.73596  -13.15646  -11.34100   -9.32518   -7.14851   -4.83270   -2.38427    0.19302    2.89541    5.71884    8.65923   11.71268   14.87545   18.14408   21.51538   24.98640   28.55444
 -17.31319  -16.76127  -15.72683  -14.35533  -12.70216  -10.80541   -8.70556   -6.44204   -4.03236   -1.48233    1.20381    4.02163    6.96650   10.03391   13.21960   16.51958   19.93017   23.44800   27.06998   30.79325
 -17.04569  -16.46975  -15.38852  -13.95546  -12.22962  -10.25347   -8.07207   -5.72288   -3.21989   -0.56879    2.22551    5.15790    8.22319   11.41647   14.73317   18.16904   21.72020   25.38312   29.15454   33.03150
 -16.75938  -16.15938  -15.03156  -13.53740  -11.73992   -9.68638   -7.42559   -4.99150   -2.39563    0.35602    3.25781    6.30390    9.48862   12.80668   16.25320   19.82371   23.51414   27.32077   31.24023   35.26940
 -16.45508  -15.83101  -14.65675  -13.10199  -11.23397   -9.10510   -6.76661   -4.24815   -1.55977    1.29193    4.30049    7.45945   10.76263   14.20440   17.77961   21.48355   25.31197   29.26101   33.32714   37.50713
 -16.12773  -15.47969  -14.25939  -12.64481  -10.70774   -8.50592   -6.09130   -3.48913   -0.70890    2.24201    5.35632    8.62693   12.04725   15.61131   19.31369   23.14949   27.11427   31.20401   35.41504   39.74402
 -15.78346  -15.11140  -13.84533  -12.17148  -10.16671   -7.89396   -5.40409   -2.71850    0.15323    3.20281    6.42214    9.80357   13.34009   17.02543   20.85390   24.82042   28.92037   33.14957   37.50423   41.98088
 -15.42163  -14.72553  -13.41397  -11.68153   -9.61057   -7.26879   -4.70429   -1.93557    1.02722    4.17484    7.49841   10.98974   14.64147   18.44701   22.40045   26.49650   30.73038   35.09776   39.59472   44.21767
 -15.04259  -14.32244  -12.96572  -11.17541   -9.03989   -6.63073   -3.99202   -1.14046    1.91295    5.15796    8.58498   12.18532   15.95126   19.87595   23.95325   28.17767   32.54427   37.04857   41.68654   46.45445
 -14.64870  -13.90443  -12.50281  -10.65535   -8.45694   -5.98163   -3.26888   -0.33464    2.80902    6.15087    9.68066   13.38924   17.26857   21.31152   25.51173   29.86353   34.36182   39.00198   43.77983   48.69156
 -14.24210  -13.47360  -12.02727  -10.12340   -7.86374   -5.32306   -2.53625    0.48059    3.71421    7.15244   10.78443   14.60062   18.59263   22.75309   27.07542   31.55377   36.18287   40.95797   45.87478   50.92936
 -13.82067  -13.02789  -11.53715   -9.57785   -7.25869   -4.65316   -1.79235    1.30686    4.62998    8.16399   11.89748   15.82049   19.92435   24.20142   28.64491   33.24882   38.00770   42.91668   47.97133   53.16762
 -13.38736  -12.57016  -11.03523   -9.02150   -6.64436   -3.97409   -1.03919    2.14226    5.55456    9.18391   13.01836   17.04759   21.26263   25.65560   30.21953   34.94821   39.83608   44.87809   50.06972   55.40680
 -12.94180  -12.10010  -10.52123   -8.45425   -6.02042   -3.28533   -0.27629    2.98721    6.48832   10.21250   14.14735   18.28217   22.60770   27.11586   31.79945   36.65211   41.66811   46.84230   52.16999   57.64693
 -12.48289  -11.61668   -9.99417   -7.87538   -5.38585   -2.58584    0.49731    3.84257    7.43203   11.25049   15.28508   19.52477   23.96004   28.58257   33.38498   38.36073   43.50395   48.80934   54.27210   59.88788
 -12.01431  -11.12345   -9.45754   -7.28839   -4.74357   -1.87829    1.27906    4.70595    8.38347   12.29583   16.42972   20.77380   25.31828   30.05461   34.97524   40.07346   45.34324   50.77916   56.37628   62.13016
 -11.53257  -10.61707   -8.90823   -6.69036   -4.09038   -1.15969    2.07174    5.57988    9.34497   13.35063   17.58317   22.03091   26.68384   31.53318   36.57119   41.79099   47.18641   52.75189   58.48239   64.37335
 -11.03687  -10.09682   -8.34567   -6.08068   -3.42546   -0.42929    2.87597    6.46493   10.31702   14.41534   18.74579   23.29644   28.05700   33.01848   38.17295   43.51337   49.03344   54.72746   60.59029   66.61723
 -10.53190   -9.56727   -7.77446   -5.46352   -2.75267    0.30923    3.68826    7.35784   11.29660   15.48718   19.91513   24.56820   29.43586   34.50891   39.77925   45.23968   50.88375   56.70565   62.70011   68.86235
 -10.01938   -9.03004   -7.19647   -4.84030   -2.07324    1.05462    4.50744    8.25747   12.28267   16.56520   21.09028   25.84538   30.81971   36.00388   41.38958   46.96950   52.73704   58.68627   64.81182   71.10881
  -9.49959   -8.48541   -6.61234   -4.21105   -1.38720    1.80685    5.33342    9.16372   13.27509   17.64927   22.27111   27.12783   32.20838   37.50317   43.00375   48.70264   54.59312   60.66917   66.92531   73.35656
  -8.97158   -7.93252   -6.02153   -3.57468   -0.69359    2.56674    6.16692   10.07722   14.27442   18.73982   23.45797   28.41578   33.60201   39.00684   44.62169   50.43895   56.45180   62.65411   69.04029   75.60528
  -8.43726   -7.37324   -5.42593   -2.93268    0.00610    3.33281    7.00650   10.99658   15.27930   19.83558   24.64962   29.70808   34.99949   40.51389   46.24254   52.17775   58.31257   64.64077   71.15667   77.85510
  -7.89685   -6.80791   -4.82542   -2.28504    0.71180    4.10492    7.85193   11.92151   16.28940   20.93612   25.84559   31.00420   36.40030   42.02380   47.86585   53.91865   60.17514   66.62899   73.27440   80.10611
  -7.35030   -6.23685   -4.21974   -1.63166    1.42344    4.88285    8.70290   12.85159   17.30418   22.04084   27.04518   32.30342   37.80373   43.53591   49.49104   55.66117   62.03915   68.61851   75.39334   82.35827
  -6.80170   -5.66436   -3.61267   -0.97628    2.13732    5.66296    9.55587   13.78339   18.32034   23.14656   28.24546   33.60307   39.20746   45.04835   51.11668   57.40436   63.90410   70.60929   77.51392   84.61246
  -6.26456   -5.10367   -3.01682   -0.33096    2.84189    6.43422   10.40031   14.70691   19.32848   24.24462   29.43859   34.89630   40.60571   46.55643   52.73921   59.14580   65.76875   72.60130   79.63728   86.87104
  -5.73625   -4.55281   -2.42960    0.30674    3.53921    7.19833   11.23752   15.62311   20.32932   25.33564   30.62522   36.18384   41.99933   48.06107   54.35958   60.88644   67.63399   74.59532   81.76411   89.13456
  -5.21981   -4.01500   -1.85369    0.93402    4.22632    7.95205   12.06408   16.52858   21.31974   26.41696   31.80325   37.46416   43.38726   49.56163   55.97756   62.62638   69.50025   76.59210   83.89546   91.40440
  -4.71520   -3.49026   -1.28895    1.55057    4.90226    8.69384   12.87825   17.42181   22.29870   27.48811   32.97268   38.73760   44.77006   51.05883   57.59394   64.36649   71.36848   78.59264   86.03237   93.68161
  -4.22571   -2.98150   -0.73856    2.15250    5.56230    9.41878   13.67568   18.29944   23.26385   28.54750   34.13248   40.00351   46.14740   52.55263   59.20896   66.10730   73.23945   80.59800   88.17622   95.96790
  -3.75288   -2.49013   -0.20472    2.73597    6.20181   10.12313   14.45414   19.16047   24.21488   29.59517   35.28283   41.26217   47.51965   54.04346   60.82315   67.84943   75.11393   82.60909   90.32804   98.26446
  -3.29805   -2.01767    0.30872    3.29492    6.81640   10.80522   15.21361   20.00547   25.15252   30.63186   36.42452   42.51441   48.88771   55.53236   62.43769   69.59423   76.99345   84.62763   92.48978  100.57345
  -2.86234   -1.56642    0.79283    3.82354    7.40549   11.46614   15.95514   20.83518   26.07722   31.65785   37.55770   43.76035   50.25171   57.01948   64.05279   71.34199   78.87838   86.65410   94.66203  102.89558
  -2.44653   -1.15130    1.23974    4.32454    7.97227   12.10787   16.67990   21.65029   26.98944   32.67350   38.68271   45.00036   51.61209   58.50536   65.66910   73.09349   80.76964   88.68959   96.84603  105.23230
  -2.36922   -1.07345    1.31883    4.40484    8.05423   12.19191   16.76631   21.73932   27.08132   32.76843   38.78088   45.10195   51.71724   58.61424   65.78186   73.21026   80.89058   88.81481   96.97567  105.36648
  -2.28999   -1.04189    1.26339    4.23706    7.75358   11.74062   16.14851   20.94050   26.08806   31.56817   37.36179   43.45279   49.82731   56.47329   63.38003   70.53807   77.93885   85.57467   93.43851  101.52393
  -2.20882   -1.00834    1.20993    4.07129    7.45497   11.29142   15.53283   20.14385   25.09702   30.37019   35.94502   41.80601   47.93982   54.33484   60.98077   67.86851   74.98982   82.33730   89.90420   97.68430
  -2.12568   -0.97278    1.15849    3.90754    7.15843   10.84432   14.91930   19.34940   24.10823   29.17451   34.53063   40.16167   46.05484   52.19895   58.58415   65.20166   72.04358   79.10280   86.37282   93.84769
  -2.04057   -0.93519    1.10908    3.74586    6.86399   10.39938   14.30798   18.55723   23.12178   27.98125   33.11871   38.51988   44.17248   50.06578   56.19032   62.53770   69.10033   75.87137   82.84462   90.01435
  -1.95349   -0.89557    1.06170    3.58622    6.57163    9.95657   13.69886   17.76730   22.13765   26.79035   31.70923   36.88061   42.29271   47.93527   53.79924   59.87656   66.15998   72.64294   79.31951   86.18420
  -1.86445   -0.85392    1.01636    3.42868    6.28144    9.51600   13.09205   16.97978   21.15600   25.60206   30.30247   35.24415   40.41588   45.80783   51.41135   57.21874   63.22308   69.41811   75.79814   82.35794
  -1.77348   -0.81025    0.97305    3.27320    5.99337    9.07763   12.48753   16.19464   20.17685   24.41635   28.89840   33.61051   38.54197   43.68344   49.02664   54.56425   60.28965   66.19688   72.28052   78.53557
  -1.68060   -0.76460    0.93173    3.11976    5.70743    8.64148   11.88533   15.41192   19.20022   23.23330   27.49710   31.97978   36.67112   41.56224   46.64528   51.91325   57.35988   62.97948   68.76690   74.71738
  -1.58589   -0.71702    0.89237    2.96836    5.42361    8.20756   11.28549   14.63170   18.22624   22.05304   26.09877   30.35217   34.80357   39.44453   44.26759   49.26613   54.43418   59.76636   65.25778   70.90393
  -1.48943   -0.66758    0.85489    2.81894    5.14190    7.77589   10.68804   13.85403   17.25499   20.87569   24.70354   28.72788   32.93955   37.33057   41.89389   46.62324   51.51297   56.55799   61.75367   67.09574
  -1.39132   -0.61639    0.81921    2.67141    4.86221    7.34639   10.09292   13.07887   16.28642   19.70123   23.31140   27.10689   31.07906   35.22038   39.52420   43.98461   48.59628   53.35441   58.25463   63.29293
  -1.29171   -0.56357    0.78524    2.52574    4.58457    6.91914    9.50028   12.30644   15.32085   18.53005   21.92285   25.48981   29.22281   33.11477   37.15946   41.35130   45.68529   50.15693   54.76211   59.49704
  -1.19079   -0.50931    0.75281    2.38179    4.30883    6.49403    8.91003   11.53666   14.35823   17.36212   20.53787   23.87663   27.37082   31.01381   34.79974   38.72341   42.78015   46.96572   51.27628   55.70830
  -1.08876   -0.45381    0.72178    2.23945    4.03499    6.07110    8.32230   10.76976   13.39887   16.19786   19.15699   22.26802   25.52387   28.91837   32.44606   36.10210   39.88213   43.78221   47.79875   51.92846
  -0.98591   -0.39731    0.69195    2.09858    3.76292    5.65031    7.73708   10.00580   12.44290   15.03747   17.78049   20.66432   23.68240   26.82899   30.09905   33.48809   36.99206   40.60731   44.33052   48.15864
  -0.88255   -0.34011    0.66309    1.95904    3.49259    5.23170    7.15456    9.24507   11.49075   13.88153   16.40910   19.06642   21.84744   24.74689   27.76011   30.88295   34.11171   37.44300   40.87377   44.40122
  -0.77904   -0.28253    0.63501    1.82075    3.22405    4.81550    6.57512    8.48816   10.54320   12.73104   15.04404   17.47579   20.02073   22.67405   25.43148   28.28923   31.24390   34.29241   37.43195   40.65996
  -0.67581   -0.22491    0.60752    1.68371    2.95749    4.40212    5.99942    7.73600    9.60148   11.58750   13.68716   15.89460   18.20480   20.61338   23.11647   25.71063   28.39277   31.16008   34.01004   36.94030
  -0.57331   -0.16758    0.58054    1.54810    2.69346    3.99248    5.42879    6.99036    8.66784   10.45373   12.34179   14.32678   16.40417   18.57003   20.82087   23.15361   25.56546   28.05390   30.61666   33.25162
  -0.47203   -0.11078    0.55427    1.41468    2.43332    3.58866    4.86613    6.25500    7.74697    9.33536   11.01463   12.78011   14.62777   16.55411   18.55605   20.63082   22.77595   24.98921   27.26857   29.61214
  -0.37246   -0.05452    0.52956    1.28541    2.18034    3.19540    4.31777    5.53802    6.84887    8.24442    9.71982   11.27097   12.89432   14.58681   16.34570   18.16859   20.05331   21.99788   24.00052   26.05958
  -0.27507    0.00183    0.50900    1.16539    1.94261    2.82417    3.79894    4.85872    5.99718    7.20921    8.49060    9.83776   11.24764   12.71756   14.24516   15.82833   17.46520   19.15406   20.89335   22.68164
  -0.18029    0.06113    0.50140    1.07109    1.74571    2.51091    3.35701    4.27691    5.26510    6.31715    7.42940    8.59874    9.82253   11.09842   12.42439   13.79860   15.21941   16.68535   18.19506   19.74731
  -0.08850    0.13973    0.55264    1.08729    1.72042    2.43856    3.23262    4.09594    5.02336    6.01070    7.05455    8.15198    9.30049   10.49792   11.74234   13.03203   14.36546   15.74124   17.15810   18.61488
   0.00000    0.02468    0.09874    0.22216    0.39494    0.61710    0.88862    1.20951    1.57976    1.99939    2.46838    2.98674    3.55447    4.17156    4.83803    5.55386    6.31906    7.13362    7.99756    8.91086
