  -4.45867   -4.32367   -4.07683   -3.75719   -3.37867   -2.94933   -2.47459   -1.95844   -1.40398   -0.81368   -0.18961    0.46650    1.15316    1.86905    2.61304    3.38410    4.18130    5.00383    5.85091    6.72187
  -5.86497   -5.68719   -5.36214   -4.94122   -4.44276   -3.87737   -3.25221   -2.57251   -1.84236   -1.06502   -0.24320    0.62081    1.52504    2.46778    3.44751    4.46289    5.51270    6.59585    7.71135    8.85828
  -7.80031   -7.57337   -7.15843   -6.62109   -5.98479   -5.26304   -4.46498   -3.59732   -2.66523   -1.67292   -0.62382    0.47913    1.63343    2.83688    4.08756    5.38374    6.72388    8.10658    9.53057   10.99469
 -10.50200  -10.21665   -9.69489   -9.01924   -8.21914   -7.31160   -6.30811   -5.21710   -4.04509   -2.79733   -1.47819   -0.09132    1.36011    2.87335    4.44597    6.07581    7.76092    9.49955   11.29010   13.13110
 -14.32646  -13.96913  -13.31577  -12.46970  -11.46780  -10.33136   -9.07476   -7.70857   -6.24094   -4.67848   -3.02661   -1.28994    0.52758    2.42250    4.39177    6.43269    8.54283   10.71998   12.96215   15.26750
 -18.42091  -17.98834  -17.19742  -16.17322  -14.96037  -13.58466  -12.06350  -10.40965   -8.63303   -6.74159   -4.74193   -2.63962   -0.43943    1.85445    4.23835    6.70898    9.26339   11.89894   14.61318   17.40391
 -18.18075  -17.72528  -16.89250  -15.81409  -14.53704  -13.08851  -11.48683   -9.74544   -7.87478   -5.88323   -3.77773   -1.56413    0.75251    3.16781    5.67789    8.27929   10.96892   13.74396   16.60188   19.54032
 -17.92359  -17.44544  -16.57117  -15.43903  -14.09836  -12.57766  -10.89619   -9.06805   -7.10419   -5.01342   -2.80302   -0.47914    1.95292    4.48855    7.12367    9.85468   12.67830   15.59160   18.59189   21.67673
 -17.64997  -17.14933  -16.23393  -15.04854  -13.64480  -12.05257  -10.29200   -8.37786   -6.32163   -4.13251   -1.81813    0.61506    3.16152    5.81643    8.57551   11.43498   14.39142   17.44176   20.58319   23.81314
 -17.36088  -16.83793  -15.88175  -14.64354  -13.17726  -11.51410   -9.67508   -7.67567   -5.52782   -3.24117   -0.82368    1.71792    4.37783    7.15102   10.03303   13.01990   16.10806   19.29430   22.57569   25.94954
 -17.05563  -16.51057  -15.51396  -14.22341  -12.69513  -10.96165   -9.04488   -6.96093   -4.72228   -2.33894    0.18076    2.82982    5.60219    8.49263   11.49649   14.60964   17.82837   21.14933   24.56945   28.08595
 -16.73511  -16.16812  -15.13142  -13.78895  -12.19920  -10.39598   -8.40211   -6.23434   -3.90562   -1.42642    1.19464    3.95026    6.83416    9.84087   12.96556   16.20395   19.55216   23.00670   26.56441   30.22236
 -16.40046  -15.81171  -14.73524  -13.34125  -11.69050   -9.81810   -7.74772   -5.49677   -3.07870   -0.50437    2.21726    5.07861    8.07316   11.19524   14.43983   17.80247   21.27915   24.86624   28.56046   32.35877
 -16.05257  -15.44223  -14.32627  -12.88115  -11.16986   -9.22877   -7.08245   -4.74893   -2.24217    0.42659    3.24806    6.21436    9.31876   12.55536   15.91896   19.40495   23.00915   26.72782   30.55754   34.49518
 -15.68640  -15.05469  -13.89964  -12.40392  -10.63269   -8.62362   -6.40214   -3.98689   -1.39234    1.36988    4.29015    7.36034   10.57346   13.92341   17.40481   21.01287   24.74330   28.59221   32.55605   36.63158
 -15.30812  -14.65518  -13.46132  -11.91533  -10.08458   -8.00800   -5.71187   -3.21546   -0.53372    2.32133    5.33974    8.51310   11.83419   15.29672   18.89511   22.62442   26.48021   30.45845   34.55550   38.76799
 -14.91713  -14.24311  -13.01072  -11.41483   -9.52499   -7.38138   -5.01113   -2.43415    0.33415    3.28135    6.39718    9.67297   13.10126   16.67554   20.39008   24.23976   28.22001   32.32666   36.55594   40.90440
 -14.51382  -13.81887  -12.54822  -10.90278   -8.95426   -6.74410   -4.30027   -1.64327    1.21097    4.24967    7.46224   10.83974   14.37446   18.05972   21.88958   25.85878   29.96260   34.19675   38.55734   43.04081
 -14.10057  -13.38482  -12.07613  -10.38143   -8.37457   -6.09824   -3.58124   -0.84469    2.09501    5.22469    8.53344   12.01206   15.65261   19.44820   23.39272   27.48077   31.70745   36.06837   40.55952   45.17722
 -13.67959  -12.94313  -11.59656   -9.85282   -7.78789   -5.44568   -2.85584   -0.04010    2.98467    6.20492    9.60942   13.18870   16.93461   20.84004   24.89871   29.10506   33.45406   37.94118   42.56229   47.31362
 -13.24876  -12.49170  -11.10748   -9.31498   -7.19230   -4.78460   -2.12234    0.77214    3.88149    7.19179   10.69149   14.37086   18.22152   22.23616   26.40833   30.73230   35.20291   39.81550   44.56584   49.45003
 -12.81101  -12.03344  -10.61171   -8.77065   -6.59047   -4.11754   -1.38314    1.58975    4.78334    8.18332   11.77784   15.55690   19.51187   23.63528   27.92048   32.36160   36.95333   41.69089   46.56992   51.58644
 -12.36594  -11.56795  -10.10888   -8.21946   -5.98202   -3.44414   -0.63793    2.41304    5.69051    9.17979   12.86872   16.74702   20.80588   25.03758   29.43533   33.99309   38.70541   43.56740   48.57458   53.72285
 -11.91235  -11.09404   -9.59782   -7.66029   -5.36587   -2.76337    0.11429    3.24295    6.60387   10.18200   13.96486   17.94192   22.10412   26.44357   30.95330   35.62712   40.45943   45.44522   50.57990   55.85926
 -11.45378  -10.61521   -9.08195   -7.09646   -4.74524   -2.07831    0.87060    4.07672    7.52085   11.18756   15.06407   19.13959   23.40484   27.85173   32.47310   37.26263   42.21458   47.32380   52.58560   57.99566
 -10.98656  -10.12784   -8.55772   -6.52450   -4.11678   -1.38575    1.63404    4.91721    8.44412   12.19896   16.16864   20.34211   24.70987   29.26364   33.99609   38.90073   43.97170   49.20372   54.59198   60.13207
 -10.50956   -9.63080   -8.02405   -5.94339   -3.47948   -0.68473    2.40551    5.76529    9.37450   13.21694   17.27925   21.55011   26.01978   30.67980   35.52267   40.54175   45.73104   51.08514   56.59912   62.26848
 -10.02715   -9.12842   -7.48515   -5.35721   -2.83730    0.02097    3.18144    6.61757   10.30880   14.23858   18.39321   22.76112   27.33238   32.09830   37.05124   42.18438   47.49161   52.96739   58.60669   64.40489
  -9.54064   -8.62199   -6.94230   -4.76719   -2.19142    0.73020    3.96073    7.47304   11.24609   15.26297   19.50970   23.97443   28.64701   33.51858   38.58131   43.82824   49.25311   54.85026   60.61457   66.54130
  -9.04982   -8.11130   -6.39528   -4.17312   -1.54164    1.44318    4.74358    8.33185   12.18651   16.29027   20.62885   25.19016   29.96380   34.94074   40.11296   45.47338   51.01558   56.73380   62.62279   68.67770
  -8.55314   -7.59482   -5.84260   -3.57356   -0.88657    2.16122    5.53124    9.19521   13.13119   17.32153   21.75163   26.40916   31.28351   36.36544   41.64678   47.12027   52.77940   58.61825   64.63146   70.81411
  -8.05181   -7.07375   -5.28543   -2.96964   -0.22730    2.88327    6.32273   10.06218   14.07924   18.35591   22.87728   27.63076   32.60553   37.79215   43.18229   48.76855   54.54426   60.50340   66.64050   72.95052
  -7.54525   -6.54751   -4.72321   -2.36083    0.43670    3.60986    7.11852   10.93321   15.03110   19.39382   24.00616   28.85529   33.93015   39.22114   44.71974   50.41840   56.31032   62.38936   68.64994   75.08693
  -7.03254   -6.01520   -4.15505   -1.74625    1.10624    4.34176    7.91937   11.80902   15.98743   20.43587   25.13885   30.08326   35.25784   40.65279   46.25944   52.07008   58.07777   64.27627   70.65987   77.22334
  -6.51685   -5.47993   -3.58400   -1.12886    1.77850    5.07625    8.72267   12.68714   16.94593   21.47994   26.27338   31.31290   36.58702   42.08574   47.80024   53.72265   59.84590   66.16363   72.67002   79.35974
  -6.01082   -4.95422   -3.02229   -0.52055    2.44201    5.80237    9.51802   13.55776   17.89740   22.51749   27.40193   32.53713   37.91138   43.51450   49.33748   55.37233   61.61184   68.04951   74.67942   81.49615
  -5.51100   -4.43463   -2.46658    0.08196    3.09992    6.52313   10.30827   14.42356   18.84436   23.55086   28.52665   33.75789   39.23265   44.94056   50.87245   57.02016   63.37636   69.93443   76.68834   83.63256
  -5.01962   -3.92339   -1.91902    0.67655    3.75020    7.23658   11.09157   15.28280   19.78519   24.57853   29.64615   34.97392   40.54972   46.36296   52.40431   58.66547   65.13897   71.81806   78.69660   85.76897
  -4.53600   -3.41981   -1.37895    1.26387    4.39348    7.94333   11.86850   16.13603   20.72038   25.60099   30.76086   36.18562   41.86292   47.78199   53.93332   60.30847   66.89981   73.70049   80.70426   87.90538
  -4.06295   -2.92668   -0.84909    1.84128    5.02720    8.64093   12.63672   16.98105   21.64788   26.61631   31.86903   37.39140   43.17086   49.19643   55.45845   61.94831   68.65825   75.58130   82.71110   90.04178
  -3.60178   -2.44529   -0.33072    2.40755    5.65019    9.32824   13.39517   17.81683   22.56675   27.62362   32.96985   38.59053   44.47287   50.60571   56.97921   63.58459   70.41399   77.46029   84.71700   92.17819
  -3.15392   -1.97704    0.17481    2.96135    6.26116   10.00405   14.14268   18.64229   23.47594   28.62197   34.06245   39.78222   45.76826   52.00922   58.49508   65.21691   72.16671   79.33723   86.72187   94.31460
  -2.72085   -1.52340    0.66605    3.50129    6.85876   10.66707   14.87802   19.45627   24.37439   29.61035   35.14590   40.96563   47.05628   53.40631   60.00551   66.84482   73.91607   81.21189   88.72559   96.45101
  -2.30405   -1.08584    1.14158    4.02598    7.44167   11.31601   15.59998   20.25761   25.26101   30.58776   36.21930   42.13994   48.33620   54.79634   61.50996   68.46786   75.66173   83.08406   90.72805   98.58742
  -2.22560   -1.00833    1.21736    4.09951    7.51255   11.38387   15.66452   20.31852   25.31803   30.64064   36.26780   42.18384   48.37528   54.83039   61.53880   68.49129   75.67955   83.09612   90.73416   98.58742
  -2.14615   -0.97494    1.16655    3.93967    7.22359   10.94846   15.06716   19.54511   24.35548   29.47673   34.89101   40.58324   46.54046   52.75137   59.20600   65.89547   72.81180   79.94779   87.29688   94.85304
  -2.06572   -0.94056    1.11670    3.78076    6.93553   10.51391   14.47063   18.77246   23.39366   28.31350   33.51484   38.98321   44.70614   50.67278   56.87356   63.29995   69.94427   76.79961   83.85968   91.11867
  -1.98429   -0.90520    1.06782    3.62279    6.64837   10.08022   13.87492   18.00059   22.43255   27.15093   32.13929   37.38373   42.87231   48.59463   54.54149   60.70472   67.07697   73.65159   80.42255   87.38430
  -1.90184   -0.86885    1.01991    3.46576    6.36212    9.64740   13.28003   17.22951   21.47219   25.98905   30.76436   35.78481   41.03899   46.51691   52.20979   58.10980   64.20990   70.50373   76.98551   83.64993
  -1.81839   -0.83149    0.97298    3.30968    6.07679    9.21546   12.68598   16.45921   20.51255   24.82784   29.39005   34.18647   39.20617   44.43964   49.87846   55.51518   61.34305   67.35602   73.54854   79.91556
  -1.73392   -0.79313    0.92703    3.15455    5.79238    8.78440   12.09277   15.68970   19.55366   23.66733   28.01638   32.58869   37.37386   42.36280   47.54751   52.92086   58.47644   64.20846   70.11166   76.18119
  -1.64843   -0.75376    0.88206    3.00038    5.50888    8.35422   11.50039   14.92098   18.59551   22.50750   26.64333   30.99148   35.54205   40.28641   45.21693   50.32685   55.61006   61.06106   66.67485   72.44681
  -1.56192   -0.71339    0.83808    2.84716    5.22631    7.92492   10.90885   14.15305   17.63809   21.34835   25.27091   29.39484   33.71075   38.21046   42.88673   47.73314   52.74391   57.91382   63.23812   68.71244
  -1.47441   -0.67203    0.79507    2.69489    4.94464    7.49649   10.31814   13.38590   16.68141   20.18989   23.89912   27.79876   31.87995   36.13494   40.55689   45.13973   49.87799   54.76674   59.80147   64.97807
  -1.38590   -0.62968    0.75302    2.54354    4.66387    7.06892    9.72824   12.61952   15.72545   19.03209   22.52793   26.20324   30.04965   34.05986   38.22742   42.54662   47.01230   51.61980   56.36490   61.24370
  -1.29642   -0.58637    0.71191    2.39311    4.38399    6.64219    9.13915   11.85390   14.77019   17.87495   21.15736   24.60827   28.21983   31.98520   35.89831   39.95380   44.14682   48.47302   52.92840   57.50933
  -1.20599   -0.54212    0.67171    2.24357    4.10495    6.21628    8.55084   11.08902   13.81563   16.71845   19.78736   23.01382   26.39049   29.91095   33.56955   37.36126   41.28157   45.32638   49.49198   53.77495
  -1.11466   -0.49698    0.63239    2.09487    3.82674    5.79115    7.96327   10.32483   12.86172   15.56256   18.41793   21.41988   24.56159   27.83709   31.24111   34.76899   38.41651   42.17988   46.05563   50.04058
  -1.02248   -0.45101    0.59389    1.94697    3.54929    5.36676    7.37639    9.56131   11.90843   14.40723   17.04902   19.82642   22.73312   25.76360   28.91299   32.17698   35.55165   39.03351   42.61934   46.30621
  -0.92952   -0.40426    0.55613    1.79980    3.27254    4.94304    6.79016    8.79839   10.95570   13.25244   15.68059   18.23339   20.90503   23.69045   26.58516   29.58520   32.68697   35.88726   39.18312   42.57184
  -0.83589   -0.35685    0.51903    1.65326    2.99640    4.51990    6.20448    8.03599   10.00347   12.09809   14.31257   16.64073   19.07728   21.61758   24.25757   26.99361   29.82244   32.74111   35.74694   38.83747
  -0.74172   -0.30891    0.48245    1.50722    2.72075    4.09723    5.61924    7.27401    9.05162   10.94412   12.94489   15.04838   17.24980   19.54496   21.93018   24.40219   26.95803   29.59505   32.31081   35.10309
  -0.64717   -0.26059    0.44623    1.36154    2.44544    3.67488    5.03432    6.51232    8.10005    9.79039   11.57745   13.45624   15.42250   17.47250   19.60293   21.81088   24.09371   26.44904   28.87471   31.36872
  -0.55248   -0.21214    0.41016    1.21599    2.17026    3.25266    4.44951    5.75075    7.14859    8.63676   10.21009   11.86418   13.59528   15.40010   17.27574   19.21962   21.22942   23.30306   25.43862   27.63435
  -0.45792   -0.16381    0.37395    1.07032    1.89496    2.83033    3.86459    4.98907    6.19702    7.48304    8.84265   10.27205   11.76799   13.32764   14.94849   16.62831   18.36510   20.15705   22.00251   23.89998
  -0.36383   -0.11595    0.33729    0.92421    1.61923    2.40759    3.27929    4.22703    5.24512    6.32901    7.47492    8.67965    9.94047   11.25498   12.62107   14.03687   15.50068   17.01098   18.56638   20.16561
  -0.27058   -0.06891    0.29982    0.77731    1.34275    1.98412    2.69330    3.46433    4.29261    5.17441    6.10667    7.08679    8.11253    9.18196   10.29335   11.44517   12.63606   13.86477   15.13018   16.43123
  -0.17856   -0.02310    0.26116    0.62925    1.06515    1.55958    2.10629    2.70068    3.33920    4.01898    4.73766    5.49323    6.28397    7.10839    7.96516    8.85311    9.77116   10.71838   11.69387   12.69686
  -0.08822    0.02106    0.22088    0.47963    0.78604    1.13360    1.51790    1.93573    2.38457    2.86242    3.36761    3.89873    4.45459    5.03411    5.63637    6.26054    6.90589    7.57173    8.25745    8.96249
   0.00000    0.00000    0.00000    0.00000    0.00000    0.00000    0.00000    0.00000    0.00000    0.00000    0.00000    0.00000    0.00000    0.00000    0.00000    0.00000    0.00000    0.00000    0.00000    0.00000
