-12.962970 -13.422654 -14.340357 -15.703691 -17.649324 -20.448489 -24.671683 -31.574125 -44.641866 -78.128205 -340.171669 140.351190 57.661287 36.137131 26.262263 20.608927 16.953556 14.401774 12.521980 11.080443
-9.422402 -9.774515 -10.476296 -11.518763 -12.998762 -15.132571 -18.339094 -23.580179 -33.507308 -59.023452 -263.414319 105.212014 43.679512 27.541929 20.122364 15.867924 13.117005 11.196717 9.783333 8.701306
-6.665027 -6.923255 -7.434889 -8.189403 -9.246699 -10.742189 -12.945692 -16.429805 -22.671456 -36.946119 -101.413371 135.225210 40.642922 23.985696 17.070942 13.300091 10.931949 9.310582 8.133740 7.241551
-4.509633 -4.701364 -5.077669 -5.618331 -6.350884 -7.353957 -8.782330 -10.935144 -14.519501 -21.593528 -42.009661 -699.519508 48.354835 23.580441 15.710282 11.863382 9.591365 8.095559 7.039295 6.254549
-2.449866 -2.670804 -3.031606 -3.493441 -4.073737 -4.788398 -5.732470 -7.046411 -9.059123 -12.516997 -20.027506 -48.569897 122.802335 27.690661 15.832786 11.221142 8.785313 7.284811 6.270113 5.541380
.000000 -2.532177 -1.276117 -.680046 -1.296626 -2.084227 -3.216291 -4.513482 -6.051966 -8.279321 -12.371021 -23.174539 -144.659151 35.627086 16.230879 10.707625 8.121476 6.634500 5.674090 5.004562
.000000 -2.488393 -1.134416 -.774935 -1.444889 -2.360026 -3.559810 -4.935315 -6.685585 -9.505372 -15.532169 -39.142154 84.741392 20.987478 12.242399 8.806302 6.989996 5.875054 5.124399 4.585737
.000000 -2.407452 -1.048684 -.911629 -1.610364 -2.636910 -3.896059 -5.373167 -7.423882 -11.134468 -20.887704 -127.707294 32.725053 14.901437 9.861753 7.511048 6.164005 5.296452 4.693235 4.250161
.000000 -2.361595 -.939033 -1.039554 -1.793162 -2.908616 -4.228157 -5.843210 -8.319016 -13.443834 -32.076760 99.327917 20.249366 11.571595 8.283480 6.573997 5.535640 4.841638 4.346387 3.975476
.000000 -2.235963 -.854394 -1.151244 -1.993093 -3.170839 -4.559549 -6.366218 -9.449815 -17.019177 -70.436048 35.476269 14.648341 9.476123 7.163142 5.866080 5.042366 4.475150 4.061509 3.746559
.000000 -1.233398 -.674323 -1.255790 -2.199581 -3.425773 -4.898949 -6.972021 -10.955344 -23.377740 319.005055 21.478274 11.472729 8.040082 6.328926 5.313597 4.645496 4.173881 3.823549 3.552936
.000000 -1.209631 -.675696 -1.369643 -2.402820 -3.675047 -5.256383 -7.699233 -13.088186 -37.955612 47.941652 15.347563 9.434193 6.997964 5.685401 4.871369 4.319810 3.922151 3.621965 3.387126
.000000 -1.186799 -.744221 -1.495013 -2.597048 -3.919517 -5.645253 -8.606766 -16.375585 -106.192209 25.646496 11.916085 8.020264 6.209961 5.175304 4.510141 4.048136 3.708891 3.449133 3.243612
.000000 -1.172713 -.769238 -1.622925 -2.776138 -4.159961 -6.083270 -9.790800 -22.145361 124.108372 17.383469 9.730639 6.985514 5.594750 4.761645 4.209726 3.818101 3.525844 3.299208 3.118054
.000000 -1.158617 -.856159 -1.766852 -2.953151 -4.413658 -6.609398 -11.449128 -35.122076 38.215100 13.084668 8.223375 6.198419 5.102311 4.419946 3.956132 3.620802 3.366939 3.167815 3.007151
.000000 -1.137843 -.945679 -1.907596 -3.123623 -4.680882 -7.252020 -13.916449 -90.189484 22.301375 10.465748 7.127208 5.582123 4.700577 4.133714 3.739724 3.450111 3.228010 3.051967 2.908704
.000000 -1.107312 -1.013897 -2.038159 -3.291183 -4.975801 -8.073540 -18.007396 141.771221 15.615199 8.712062 6.297651 5.087927 4.367202 3.890706 3.552978 3.301011 3.105504 2.949035 2.820695
.000000 -1.073736 -1.088472 -2.157532 -3.459614 -5.315081 -9.175072 -26.121472 38.508105 11.952686 7.462845 5.650683 4.683947 4.086647 3.682128 3.390381 3.169777 2.996747 2.857042 2.741589
.000000 -1.044539 -1.175511 -2.266607 -3.629520 -5.715724 -10.729604 -49.746998 21.922436 9.656616 6.533088 5.134117 4.348604 3.847926 3.501577 3.247840 3.053614 2.899752 2.774488 2.670242
.000000 -1.009351 -1.262874 -2.365536 -3.801435 -6.201237 -13.084659 -1025.205408 15.171285 8.092829 5.817596 4.713507 4.066485 3.642759 3.344038 3.122058 2.950203 2.812805 2.700060 2.605609
.000000 -1.073732 -1.352759 -2.462706 -3.986809 -6.823233 -17.112365 52.116742 11.527439 6.965810 5.252076 4.365255 3.826243 3.464691 3.205438 3.010248 2.857532 2.734361 2.632544 2.546694
.000000 -1.322484 -1.443383 -2.554211 -4.188730 -7.646423 -25.497857 24.791132 9.265847 6.120248 4.795833 4.073187 3.619824 3.309143 3.082880 2.910432 2.774171 2.663344 2.571086 2.492811
.000000 -1.093407 -1.515224 -2.638212 -4.420041 -8.799407 -53.656690 16.026217 7.736665 5.465511 4.421171 3.825259 3.440826 3.172228 2.973770 2.820758 2.698706 2.598646 2.514774 2.443194
.000000 -.706074 -1.557939 -2.716410 -4.703215 -10.545610 290.831761 11.739877 6.641572 4.945922 4.108994 3.612665 3.284390 3.050902 2.876030 2.739712 2.629973 2.539323 2.462829 2.397179
.000000 -.663381 -1.562940 -2.782600 -5.053803 -13.455282 37.113072 9.225363 5.824610 4.525747 3.845988 3.429050 3.146949 2.942936 2.788127 2.666161 2.567106 2.484667 2.414658 2.354257
.000000 -.651936 -1.547680 -2.851506 -5.522749 -19.360314 19.297266 7.586173 5.194747 4.179785 3.621610 3.268801 3.025034 2.845906 2.708267 2.598691 2.508939 2.433700 2.369422 2.313692
.000000 -.658925 -1.533496 -2.939056 -6.189897 -37.663563 12.866677 6.442907 4.696781 3.890895 3.428327 3.127855 2.916093 2.758076 2.635162 2.536305 2.454657 2.385744 2.326540 2.274980
.000000 -.682787 -1.525052 -3.045507 -7.174710 1186.559806 9.599701 5.607457 4.295784 3.647406 3.260930 3.003428 2.818441 2.678313 2.567985 2.478363 2.403749 2.340376 2.285654 2.237817
.000000 -.729770 -1.521978 -3.173378 -8.762189 33.078567 7.645894 4.974951 3.967806 3.440292 3.114945 2.892863 2.730287 2.605281 2.505670 2.423989 2.355482 2.296970 2.246232 2.201748
.000000 -.787521 -1.521448 -3.334088 -11.765365 16.381671 6.359288 4.482848 3.695921 3.262471 2.986518 2.793655 2.649786 2.537536 2.447048 2.372211 2.309034 2.254830 2.207680 2.166268
.000000 -.845121 -1.518467 -3.558493 -19.529260 10.795549 5.456712 4.091652 3.467720 3.108177 2.872223 2.703409 2.575105 2.473594 2.390908 2.322011 2.263558 2.213241 2.169401 2.130879
.000000 -.884083 -1.498138 -3.903063 -73.809549 8.044315 4.795784 3.775661 3.274209 2.972904 2.769225 2.620060 2.504649 2.412187 2.336219 2.272564 2.218390 2.171686 2.130993 2.095267
.000000 -.880444 -1.457910 -4.548269 37.763306 6.431223 4.296025 3.516402 3.107845 2.852385 2.674574 2.541369 2.436654 2.351925 2.281897 2.223041 2.172904 2.129695 2.092104 2.059166
.000000 -.830330 -1.417686 -5.895102 14.840573 5.386593 3.908022 3.299928 2.962119 2.742590 2.585370 2.465130 2.369474 2.291618 2.227105 2.172868 2.126716 2.087023 2.052580 2.022483
.000000 -.766352 -1.429681 -8.978280 9.286500 4.666183 3.600241 3.116022 2.831872 2.640216 2.499304 2.389823 2.302214 2.230794 2.171663 2.122060 2.079967 2.043881 2.012669 1.985479
.000000 -.676508 -1.562581 -19.431708 6.850900 4.149600 3.352662 2.957552 2.713241 2.542772 2.414899 2.314808 2.234762 2.169686 2.116003 2.071149 2.033230 2.000843 1.972925 1.948675
.000000 -.578314 -1.870474 124.955479 5.507962 3.763935 3.146575 2.814901 2.599868 2.445991 2.329555 2.238649 2.166372 2.107950 2.060009 2.020135 1.986561 1.957983 1.933423 1.912141
.000000 -.473542 -2.423928 15.545742 4.676604 3.464709 2.966643 2.679217 2.486406 2.347179 2.242340 2.161298 2.097411 2.046112 2.004237 1.969549 1.940438 1.915727 1.894536 1.876206
.000000 -.388978 -3.505608 8.681102 4.118886 3.217063 2.796705 2.541641 2.368990 2.245461 2.153710 2.083614 2.028792 1.985013 1.949412 1.920005 1.895378 1.874508 1.856635 1.841190
.000000 -.374481 -6.129427 6.300478 3.710310 2.989036 2.622395 2.397796 2.248199 2.143030 2.065956 2.007575 1.962142 1.925969 1.896611 1.872389 1.852124 1.834961 1.820270 1.807579
.000000 -.506329 -17.686920 5.120057 3.358616 2.751676 2.438358 2.251039 2.128803 2.043904 1.982101 1.935442 1.899183 1.870329 1.846913 1.827593 1.811425 1.797730 1.786006 1.775876
.000000 -1.015059 39.132978 4.331660 2.990855 2.501653 2.255931 2.111442 2.017721 1.952714 1.905371 1.869589 1.841743 1.819554 1.801526 1.786635 1.774163 1.763589 1.754531 1.746700
.000000 -2.932944 12.051704 3.576541 2.621022 2.271370 2.094783 1.990074 1.921653 1.873917 1.838995 1.812507 1.791835 1.775324 1.761883 1.750763 1.741437 1.733523 1.726736 1.720863
.000000 -7.160618 8.175069 3.052175 2.365007 2.111033 1.980979 1.903182 1.852048 1.816230 1.789952 1.769979 1.754365 1.741878 1.731703 1.723277 1.716205 1.710200 1.705048 1.700588
.000000 -7.534059 7.423099 2.957127 2.323212 2.084287 1.961118 1.887188 1.838508 1.804365 1.779288 1.760212 1.745291 1.733352 1.723619 1.715558 1.708790 1.703042 1.698109 1.693838
.000000 -7.465053 7.419950 2.947933 2.315464 2.077261 1.954552 1.880935 1.832478 1.798499 1.773547 1.754568 1.739723 1.727847 1.718165 1.710146 1.703414 1.697696 1.692790 1.688541
.000000 -7.394559 7.408431 2.937332 2.306934 2.069638 1.947472 1.874215 1.826009 1.792214 1.767400 1.748528 1.733768 1.721959 1.712333 1.704360 1.697667 1.691982 1.687104 1.682881
.000000 -7.322456 7.387655 2.925266 2.297603 2.061406 1.939871 1.867021 1.819096 1.785503 1.760842 1.742086 1.727418 1.715684 1.706118 1.698196 1.691545 1.685896 1.681049 1.676852
.000000 -7.248623 7.356706 2.911700 2.287464 2.052566 1.931753 1.859359 1.811745 1.778375 1.753880 1.735251 1.720684 1.709030 1.699529 1.691661 1.685056 1.679446 1.674632 1.670464
.000000 -7.173170 7.314708 2.896626 2.276536 2.043144 1.923143 1.851255 1.803982 1.770855 1.746539 1.728049 1.713589 1.702021 1.692591 1.684782 1.678226 1.672657 1.667879 1.663742
.000000 -7.096071 7.260803 2.880093 2.264879 2.033197 1.914099 1.842765 1.795863 1.762998 1.738876 1.720533 1.706188 1.694713 1.685358 1.677611 1.671107 1.665583 1.660843 1.656739
.000000 -7.017773 7.194307 2.862220 2.252607 2.022835 1.904725 1.833992 1.787487 1.754902 1.730986 1.712800 1.698577 1.687200 1.677925 1.670243 1.663795 1.658317 1.653618 1.649548
.000000 -6.938710 7.114602 2.843219 2.239908 2.012234 1.895191 1.825098 1.779016 1.746726 1.723026 1.705004 1.690910 1.679634 1.670443 1.662830 1.656439 1.651010 1.646352 1.642319
.000000 -6.859634 7.021387 2.823451 2.227091 2.001676 1.885765 1.816344 1.770701 1.738718 1.715242 1.697389 1.683427 1.672257 1.663151 1.655608 1.649277 1.643898 1.639283 1.635287
.000000 -6.781673 6.914808 2.803482 2.214623 1.991591 1.876854 1.808124 1.762929 1.731257 1.708008 1.690326 1.676497 1.665433 1.656412 1.648941 1.642669 1.637341 1.632769 1.628810
.000000 -6.706350 6.795550 2.784154 2.203202 1.982617 1.869064 1.801023 1.756272 1.724907 1.701880 1.684366 1.670667 1.659705 1.650769 1.643367 1.637152 1.631873 1.627343 1.623420
.000000 -6.635796 6.665136 2.766723 2.193867 1.975703 1.863298 1.795915 1.751585 1.720508 1.697690 1.680332 1.666754 1.655888 1.647029 1.639691 1.633530 1.628296 1.623804 1.619915
.000000 -6.573160 6.526070 2.752999 2.188129 1.972241 1.860882 1.794086 1.750126 1.719301 1.696662 1.679438 1.665963 1.655180 1.646387 1.639102 1.632986 1.627790 1.623331 1.619470
.000000 -6.523040 6.382140 2.745615 2.188215 1.974283 1.863774 1.797439 1.753760 1.723121 1.700615 1.683488 1.670087 1.659361 1.650615 1.643368 1.637283 1.632114 1.627677 1.623835
.000000 -6.492210 6.238767 2.748389 2.197393 1.984862 1.874879 1.808796 1.765258 1.734705 1.712254 1.695166 1.681792 1.671087 1.662356 1.655122 1.649047 1.643885 1.639455 1.635618
.000000 -6.490888 6.103245 2.766916 2.220536 2.008521 1.898561 1.832412 1.788797 1.758174 1.735664 1.718525 1.705109 1.694368 1.685607 1.678347 1.672249 1.667068 1.662621 1.658769
.000000 -6.536493 5.984925 2.809479 2.265030 2.052204 1.941511 1.874821 1.830806 1.799884 1.777142 1.759821 1.746259 1.735398 1.726538 1.719194 1.713026 1.707784 1.703285 1.699388
.000000 -6.658844 5.895253 2.888576 2.342385 2.126832 2.014308 1.946379 1.901492 1.869930 1.846703 1.829006 1.815143 1.804039 1.794978 1.787467 1.781157 1.775794 1.771191 1.767203
.000000 -6.914452 5.847113 3.023258 2.471116 2.250270 2.134380 2.064223 2.017784 1.985093 1.961015 1.942657 1.928271 1.916743 1.907333 1.899531 1.892975 1.887402 1.882617 1.878472
.000000 -7.424293 5.852673 3.241998 2.681953 2.453071 2.331953 2.258306 2.209423 2.174947 2.149523 2.130120 2.114903 2.102702 2.092738 2.084474 2.077527 2.071621 2.066548 2.062153
.000000 -8.499521 5.917733 3.581347 3.024418 2.788188 2.661136 2.583214 2.531222 2.494425 2.467222 2.446423 2.430088 2.416977 2.406260 2.397364 2.389882 2.383518 2.378049 2.373309
.000000 -11.260417 6.029136 4.065699 3.551996 3.324243 3.198923 3.120997 3.068529 3.031160 3.003406 2.982112 2.965344 2.951855 2.940809 2.931628 2.923897 2.917313 2.911651 2.906740
.000000 -25.418720 6.135327 4.680315 4.258219 4.065104 3.957133 3.889348 3.843419 3.810563 3.786081 3.767250 3.752392 3.740421 3.730607 3.722440 3.715557 3.709691 3.704643 3.700262
.000000 19.921800 6.137954 5.354056 5.093193 4.967997 4.896308 4.850664 4.819452 4.796980 4.780158 4.767173 4.756900 4.748604 4.741791 4.736113 4.731322 4.727235 4.723714 4.720656
.000000 .000000 .000000 .000000 .000000 .000000 .000000 .000000 .000000 .000000 .000000 .000000 .000000 .000000 .000000 .000000 .000000 .000000 .000000 .000000
