  57.79761   58.03514   58.46326   59.00179   59.63132   60.30933   61.05231   61.83615   62.67625   63.57154   64.49972   65.47401   66.49243   67.54217   68.62432   69.74258   70.88793   72.06397   73.26502   74.48129
  55.26210   55.58956   56.17540   56.91673   57.75040   58.67463   59.64252   60.66028   61.73243   62.86096   64.06171   65.31675   66.61305   67.96738   69.37202   70.81673   72.31008   73.85186   75.44269   77.07859
  51.98928   52.43237   53.22211   54.22281   55.33952   56.53656   57.80227   59.10318   60.42475   61.80785   63.26405   64.79022   66.38719   68.04453   69.77843   71.60421   73.50509   75.47696   77.51919   79.61859
  47.36018   48.03217   49.22744   50.67307   52.19879   53.76921   55.39993   57.04970   58.73262   60.40429   62.09808   63.87882   65.76798   67.75491   69.84745   72.07964   74.43781   76.90414   79.47431   82.12908
  35.09791   37.30880   40.36817   43.56217   46.71679   49.47066   52.02081   54.31773   56.53748   58.56049   60.61542   62.65217   64.78788   67.08051   69.53393   72.18215   75.05143   78.09305   81.27416   84.60303
   0.00000   45.54966   21.94592   10.99854   19.39800   28.31352   38.79971   46.98378   52.24681   55.81582   58.66255   61.17186   63.56745   66.06878   68.79209   71.83720   75.23242   78.94349   82.91651   87.09894
   0.00000   44.10747   19.16312   12.25490   21.00441   30.88922   40.89092   48.09684   52.64754   55.92231   58.67628   61.22345   63.76903   66.48442   69.51098   72.90994   76.67268   80.74651   85.07464   89.60676
   0.00000   41.99906   17.37791   14.07467   22.70349   33.16617   42.45218   48.72414   52.74068   55.82177   58.54862   61.18995   63.90930   66.88580   70.25191   74.01896   78.14910   82.58014   87.25611   92.12958
   0.00000   40.49976   15.24420   15.64376   24.46733   35.05630   43.51619   48.95362   52.58973   55.55676   58.31971   61.09274   64.01884   67.30536   71.03507   75.17353   79.66574   84.44669   89.46251   94.66856
   0.00000   37.64898   13.56928   16.85829   26.26352   36.50935   44.11402   48.86499   52.23690   55.16205   58.01666   60.94533   64.12800   67.76398   71.86803   76.37577   81.22274   86.34489   91.69138   97.22148
   0.00000   20.36410   10.46143   17.86161   27.92397   37.55212   44.31042   48.53178   51.73415   54.67922   57.66318   60.77954   64.27242   68.28146   72.76043   77.62975   82.82163   88.27477   93.94252   99.78759
   0.00000   19.55746   10.22424   18.88595   29.31248   38.20573   44.16473   47.99960   51.11753   54.14061   57.27315   60.62687   64.47478   68.86606   73.71443   78.93542   84.46160   90.23575   96.21534  102.36695
   0.00000   18.76533   10.96627   19.94535   30.36080   38.48220   43.73786   47.30938   50.41556   53.56028   56.86497   60.51716   64.74891   69.52203   74.73052   80.29166   86.14089   92.22618   98.50884  104.95928
   0.00000   18.10930   11.02031   20.90515   31.00907   38.39132   43.08446   46.49580   49.65360   52.94377   56.46249   60.46973   65.09632   70.24410   75.80044   81.68950   87.85125   94.23813  100.81570  107.55782
   0.00000   17.44261   11.90031   21.91589   31.39994   38.06172   42.31428   45.64645   48.90197   52.35010   56.13524   60.52687   65.53873   71.04156   76.92830   83.12969   89.59061   96.26821  103.13152  110.15669
   0.00000   16.67530   12.73009   22.72964   31.50044   37.48451   41.42256   44.74773   48.13565   51.76885   55.88436   60.67465   66.05992   71.90338   78.10696   84.60908   91.35966   98.32021  105.46223  112.76461
   0.00000   15.77157   13.19153   23.26524   31.34848   36.72829   40.45759   43.83265   47.37290   51.23892   55.73266   60.91700   66.65825   72.82546   79.33180   86.12334   93.15455  100.39056  107.80474  115.37881
   0.00000   14.83782   13.65838   23.52310   30.97829   35.84546   39.45526   42.92469   46.63226   50.79501   55.68958   61.25192   67.32922   73.80368   80.60022   87.67113   94.97477  102.47902  110.15996  118.00020
   0.00000   13.98098   14.19562   23.53062   30.39567   34.85586   38.42523   42.02087   45.92770   50.45280   55.74973   61.67131   68.06700   74.83523   81.91144   89.25314   96.82231  104.58934  112.53189  120.63410
   0.00000   13.06417   14.64499   23.30720   29.60515   33.76998   37.36769   41.11440   45.28125   50.21532   55.90374   62.16504   68.86433   75.91523   83.26225   90.86768   98.69628  106.72112  114.92075  123.28079
   0.00000   13.41274   15.02575   22.94005   28.67434   32.64646   36.31822   40.24119   44.74364   50.09662   56.15254   62.73249   69.71996   77.04141   84.65025   92.51183  100.59344  108.86995  117.32154  125.93410
   0.00000   15.91404   15.31676   22.40208   27.60568   31.48442   35.26718   39.41166   44.32172   50.08397   56.48458   63.36616   70.62956   78.21252   86.07551   94.18624  102.51486  111.03718  119.73529  128.59524
   0.00000   12.64847   15.31722   21.68468   26.44076   30.30637   34.22918   38.67194   44.02559   50.17224   56.89481   64.06171   71.58940   79.42490   87.53388   95.88627  104.45455  113.21624  122.15407  131.25534
   0.00000    7.83321   14.95282   20.80848   25.23686   29.14145   33.23940   38.07183   43.86011   50.35938   57.38152   64.81815   72.59856   80.67675   89.02262   97.60802  106.40723  115.40009  124.56963  133.90461
   0.00000    7.04193   14.19455   19.74660   23.98149   27.96418   32.31069   37.60919   43.80601   50.63206   57.93624   65.63063   73.65383   81.96586   90.53914   99.34815  108.36930  117.58391  126.97623  136.53668
   0.00000    6.60270   13.24462   18.60467   22.73592   26.82847   31.53243   37.30280   43.86507   50.98901   58.55651   66.49432   74.74821   83.28157   92.07049  101.09098  110.32230  119.74708  129.35146  139.12709
   0.00000    6.34597   12.30485   17.46795   21.53764   25.78932   30.95097   37.14524   44.02996   51.42574   59.23893   67.40561   75.87610   84.61720   93.60799  102.82622  112.25403  121.87607  131.68014  141.65956
   0.00000    6.23276   11.41525   16.31541   20.35683   24.87764   30.54087   37.10777   44.28440   51.93388   59.97897   68.36139   77.03468   85.96931   95.14700  104.54822  114.15790  123.96361  133.95459  144.12638
   0.00000    6.29207   10.56603   15.12808   19.20167   24.15408   30.28335   37.17799   44.62229   52.50907   60.77163   69.35474   78.21456   87.32533   96.67201  106.23917  116.01479  125.98942  136.15436  146.50719
   0.00000    6.38782    9.73008   13.91354   18.13800   23.64163   30.16579   37.35042   45.04037   53.14654   61.60844   70.37260   79.39767   88.66337   98.15835  107.87244  117.79673  127.92509  138.25105  148.77433
   0.00000    6.41854    8.87179   12.71648   17.31406   23.33151   30.18241   37.62361   45.53528   53.83837   62.47553   71.39477   80.55831   89.95334   99.57363  109.41381  119.46924  129.73632  140.21154  150.89629
   0.00000    6.25378    7.91830   11.59070   16.77696   23.19397   30.32245   37.99139   46.09839   54.57036   63.35232   72.39426   81.66541   91.16174  100.88331  110.82967  121.00047  131.39436  142.01043  152.85082
   0.00000    5.76472    6.88601   10.73767   16.49105   23.21580   30.58134   38.44557   46.71433   55.31863   64.20626   73.33194   82.67606   92.24518  102.04583  112.08216  122.35694  132.87032  143.62285  154.61648
   0.00000    4.99459    5.89055   10.29430   16.41731   23.38729   30.94905   38.96891   47.35667   56.04721   64.99321   74.15913   83.54255   93.16068  103.02463  113.14141  123.51493  134.14603  145.03501  156.18287
   0.00000    4.19956    5.12398   10.13526   16.51600   23.68670   31.40372   39.53341   47.98870   56.71168   65.66516   74.83229   84.23115   93.88462  103.80601  114.00270  124.47753  135.23058  146.26071  157.56710
   0.00000    3.35157    4.72258   10.11510   16.72997   24.07752   31.91071   40.09778   48.55996   57.25684   66.17290   75.31722   84.72293   94.41280  104.39828  114.68432  125.27105  136.15635  147.33688  158.80955
   0.00000    2.56461    4.61367   10.24094   17.07424   24.55263   32.43574   40.60089   48.99284   57.60519   66.45440   75.57205   84.99252   94.73247  104.79772  115.18840  125.90100  136.93044  148.27099  159.91728
   0.00000    1.85789    4.65156   10.51743   17.53822   25.07265   32.90474   40.94594   49.19402   57.69023   66.47677   75.58908   85.04941   94.86383  105.03065  115.54452  126.39816  137.58377  149.09353  160.92022
   0.00000    1.33023    4.83406   10.97176   18.09624   25.55418   33.19269   41.01199   49.08635   57.48601   66.24995   75.39686   84.93116   94.84786  105.13828  115.79255  126.80045  138.15215  149.83834  161.85049
   0.00000    1.09599    5.20445   11.60094   18.65249   25.82804   33.13848   40.71709   48.66874   57.03956   65.84000   75.06603   84.70733   94.75081  105.18308  115.99135  127.16360  138.68873  150.55655  162.75768
   0.00000    1.23812    5.84937   12.32679   18.97681   25.66830   32.66222   40.10639   48.04015   56.46004   65.34956   74.68975   84.46212   94.64936  105.23565  116.20675  127.54968  139.25270  151.30508  163.69701
   0.00000    2.00681    6.84080   12.82756   18.72621   25.02666   31.90491   39.36211   47.36789   55.89052   64.90160   74.37638   84.29335   94.63361  105.38040  116.51882  128.03547  139.91828  152.15625  164.73932
   0.00000    4.46805    8.02708   12.52251   17.97697   24.22885   31.16623   38.71942   46.83913   55.48735   64.63314   74.25050   84.31709   94.81353  105.72270  117.02946  128.72021  140.78266  153.20566  165.97899
   0.00000    7.77527    9.33250   12.28799   17.59960   23.88847   30.90324   38.55392   46.78460   55.55440   64.83082   74.58681   84.79935   95.44856  106.51697  117.98910  129.85107  142.09039  154.69571  167.65661
   0.00000    7.59680    9.03657   12.12278   17.45324   23.72726   30.71996   38.34487   46.54742   55.28689   64.53087   74.25249   84.42893   95.04038  106.06946  117.50077  129.32048  141.51615  154.07648  166.99108
   0.00000    7.27795    8.65575   11.61389   16.72596   22.74281   29.44955   36.76308   44.63089   53.01387   61.88085   71.20605   80.96753   91.14631  101.72568  112.69088  124.02865  135.72705  147.77524  160.16326
   0.00000    6.95506    8.27300   11.10535   15.99981   21.75999   28.18115   35.18363   42.71704   50.74383   59.23413   68.16321   77.51005   87.25647   97.38646  107.88591  118.74209  129.94359  141.48002  153.34184
   0.00000    6.62832    7.88868   10.59762   15.27531   20.77942   26.91555   33.60749   40.80698   48.47808   56.59220   65.12567   74.05842   83.37303   93.05423  103.08851  113.46372  124.16895  135.19426  146.53055
   0.00000    6.29796    7.50317   10.09125   14.55312   19.80193   25.65374   32.03584   38.90213   46.21828   53.95698   62.09565   70.61512   79.49878   88.73207   98.30210  108.19729  118.40722  128.92242  139.73422
   0.00000    5.96443    7.11705    9.58691   13.83403   18.82851   24.39695   30.47019   37.00428   43.96651   51.33088   59.07588   67.18325   75.63720   84.42385   93.53096  102.94749  112.66353  122.67008  132.95887
   0.00000    5.62811    6.73098    9.08541   13.11904   17.86042   23.14675   28.91244   35.11570   41.72546   48.71701   56.06991   63.76684   71.79279   80.13460   88.78063   97.72041  106.94455  116.44447  126.21235
   0.00000    5.28974    6.34584    8.58775   12.40935   16.89920   21.90508   27.36495   33.23923   39.49846   46.11923   53.08219   60.37092   67.97121   75.87061   84.05808   92.52372  101.25863  110.25470  119.50451
   0.00000    4.95003    5.96260    8.09510   11.70645   15.94678   20.67436   25.83071   31.37844   37.28972   43.54244   50.11832   57.00184   64.17959   71.63981   79.37209   87.36706   95.61633  104.11223  112.84776
   0.00000    4.60987    5.58247    7.60888   11.01216   15.00553   19.45758   24.31340   29.53778   35.10452   40.99277   47.18532   53.66757   60.42690   67.45222   74.73372   82.26260   90.03094   98.03155  106.25780
   0.00000    4.27029    5.20696    7.13077   10.32872   14.07839   18.25849   22.81766   27.72284   32.94944   38.47789   44.29203   50.37815   56.72440   63.32037   70.15687   77.22563   84.51920   92.03084   99.75434
   0.00000    3.93240    4.83780    6.66279    9.65881   13.16891   17.08166   21.34915   25.94048   30.83262   36.00728   41.44932   47.14593   53.08600   59.25981   65.65874   72.27506   79.10180   86.13265   93.36180
   0.00000    3.59742    4.47704    6.20733    9.00572   12.28152   15.93276   19.91494   24.19925   28.76423   33.59280   38.67086   43.98644   49.52919   55.29003   61.26092   67.43466   73.80475   80.36528   87.11084
   0.00000    3.26676    4.12701    5.76718    8.37340   11.42155   14.81870   18.52364   22.50963   26.75671   31.24900   35.97338   40.91871   46.07539   51.43495   56.98994   62.73364   68.66000   74.76353   81.03921
   0.00000    2.94193    3.79027    5.34563    7.76661   10.59551   13.74793   17.18587   20.88453   24.82541   28.99381   33.37754   37.96628   42.75112   47.72421   52.87861   58.20812   63.70711   69.37051   75.19362
   0.00000    2.62456    3.46958    4.94654    7.19106    9.81125   12.73073   15.91449   19.33964   22.98906   26.84914   30.90861   35.15792   39.58880   44.19400   48.96710   53.90234   58.99453   64.23895   69.63128
   0.00000    2.31630    3.16776    4.57442    6.65361    9.07831   11.77958   14.72524   17.89417   21.27055   24.84181   28.59752   32.52885   36.62815   40.88873   45.30463   49.87054   54.58165   59.43360   64.42239
   0.00000    2.01917    2.88743    4.23451    6.16259    8.40835   10.90983   13.63747   16.57177   19.69813   23.00491   26.48247   30.12261   33.91829   37.86329   41.95210   46.17981   50.54196   55.03451   59.65376
   0.00000    1.73526    2.63065    3.93291    5.72816    7.81586   10.14067   12.67545   15.40219   18.30734   21.38011   24.61155   27.99406   31.52108   35.18684   38.98624   42.91469   46.96806   51.14261   55.43489
   0.00000    1.46680    2.39823    3.67626    5.36297    7.31937    9.49695   11.87083   14.42431   17.14477   20.02214   23.04804   26.21539   29.51803   32.95058   36.50825   40.18676   43.98224   47.89117   51.91035
   0.00000    1.21618    2.18859    3.46997    5.08219    6.94299    9.01205   11.26684   13.69185   16.27522   19.00747   21.88069   24.88816   28.02406   31.28328   34.66128   38.15400   41.75777   45.46925   49.28540
   0.00000    0.98550    1.99598    3.30991    4.89724    6.71280    8.72664   10.91931   13.27656   15.78724   18.44228   21.23410   24.15622   27.20303   30.36958   33.65148   37.04480   40.54597   44.15176   47.85922
   0.00000    0.77597    1.80766    3.16031    4.76945    6.59570    8.61566   10.81218   13.17199   15.68447   18.34081   21.13359   24.05644   27.10380   30.27077   33.55299   36.94654   40.44788   44.05379   47.76132
   0.00000    0.58714    1.60228    2.94511    4.53565    6.33986    8.33486   10.50388   12.83393   15.31457   17.93715   20.69436   23.57993   26.58839   29.71489   32.95516   36.30531   39.76186   43.32163   46.98171
   0.00000    0.41957    1.35573    2.56796    4.00346    5.63171    7.43212    9.38956   11.49232   13.73096   16.09770   18.58594   21.19001   23.90498   26.72649   29.65065   32.67398   35.79332   39.00583   42.30884
   0.00000    0.00000    0.00000    0.00000    0.00000    0.00000    0.00000    0.00000    0.00000    0.00000    0.00000    0.00000    0.00000    0.00000    0.00000    0.00000    0.00000    0.00000    0.00000    0.00000
