  -3.42690   -3.28067   -3.01353   -2.66804   -2.25949   -1.79679   -1.28589   -0.73120   -0.13607    0.49681    1.16515    1.86714    2.60117    3.36584    4.15991    4.98234    5.83217    6.70852    7.61059    8.53764
  -4.95418   -4.76082   -4.40768   -3.95112   -3.41163   -2.80103   -2.12740   -1.39643   -0.61251    0.22079    1.10061    2.02448    2.99034    3.99646    5.04122    6.12319    7.24116    8.39403    9.58078   10.80047
  -7.06648   -6.81835   -6.36506   -5.77907   -5.08691   -4.30419   -3.44148   -2.50635   -1.50447   -0.44003    0.68338    1.86271    3.09532    4.37905    5.71198    7.09240    8.51870    9.98945   11.50345   13.05953
 -10.03458   -9.72162   -9.14861   -8.40642   -7.52907   -6.53757   -5.44601   -4.26442   -3.00013   -1.65868   -0.24434    1.23950    2.78989    4.40414    6.07990    7.81512    9.60796   11.45672   13.35979   15.31570
 -14.22969  -13.84567  -13.13635  -12.21030  -11.10958   -9.85962   -8.47975   -6.98598   -5.39016   -3.70066   -1.92270   -0.06026    1.88371    3.90651    6.00548    8.17845   10.42335   12.73805   15.12070   17.56954
 -18.42091  -17.98808  -17.19561  -16.15994  -14.90963  -13.45754  -11.81037   -9.98541   -8.02604   -5.95886   -3.79188   -1.52839    0.82963    3.28065    5.82272    8.45365   11.17120   13.97312   16.85725   19.82150
 -18.18074  -17.72497  -16.88954  -15.79442  -14.46885  -12.92763  -11.18091   -9.25837   -7.20460   -5.03846   -2.76590   -0.38979    2.08773    4.66461    7.33840   10.10651   12.96636   15.91544   18.95136   22.07188
 -17.92359  -17.44505  -16.56659  -15.41131  -14.01010  -12.37988  -10.53670   -8.52226   -6.37627   -4.11196   -1.73411    0.75443    3.35114    6.05338    8.85822   11.76268   14.76388   17.85906   21.04566   24.32124
 -17.64997  -17.14884  -16.22718  -15.01109  -13.53398  -11.81531   -9.87996   -7.77794   -5.54106   -3.17900   -0.69602    1.90476    4.62028    7.44732   10.38247   13.42243   16.56402   19.80427   23.14042   26.56989
 -17.36088  -16.83728  -15.87213  -14.59465  -13.04150  -11.23556   -9.21295   -7.02617   -4.69913   -2.23951    0.34853    3.06135    5.89529    8.84654   11.91129   15.08590   18.36696   21.75128   25.23592   28.81815
 -17.05563  -16.50965  -15.50062  -14.16141  -12.53225  -10.64114   -8.53608   -6.26631   -3.84955   -1.29246    1.40050    4.22503    7.17684   10.25161   13.44513   16.75348   20.17299   23.70030   27.33230   31.06611
 -16.73511  -16.16680  -15.11341  -13.71219  -12.00730  -10.03406   -7.85046   -5.49868   -2.99234   -0.33780    2.45992    5.39580    8.46493   11.66251   14.98400   18.42518   21.98219   25.65147   29.42974   33.31401
 -16.40045  -15.80983  -14.71152  -13.24815  -11.46810   -9.41648   -7.15703   -4.72366   -2.12770    0.62432    3.52664    6.57350    9.75940   13.07913   16.52781   20.10100   23.79461   27.60490   31.52845   35.56213
 -16.05257  -15.43949  -14.29585  -12.77020  -10.91603   -8.79001   -6.45620   -3.94133   -1.25560    1.59391    4.60060    7.75803   11.06017   14.50139   18.07655   21.78095   25.61030   29.56071   33.62861   37.81073
 -15.68640  -15.05083  -13.86160  -12.27385  -10.34749   -8.15097   -5.74391   -3.14775   -0.37243    2.57420    5.68467    8.95188   12.36932   15.93101   19.63153   23.46596   27.42981   31.51904   35.72994   40.05911
 -15.30812  -14.64990  -13.41469  -11.76491   -9.76872   -7.50454   -5.02452   -2.34687    0.51818    3.56183    6.77577   10.15232   13.68452   17.36607   21.19126   25.15498   29.25257   33.47980   37.83285   42.30818
 -14.91713  -14.23608  -12.95458  -11.24310   -9.18008   -6.85012   -4.29721   -1.53787    1.41692    4.55737    7.87439   11.35976   15.00612   18.80684   22.75598   26.84821   31.07870   35.44307   39.93736   44.55794
 -14.51381  -13.80975  -12.48174  -10.70917   -8.58251   -6.18785   -3.56192   -0.72073    2.32375    5.56074    8.98043   12.57411   16.33402   20.25325   24.32562   28.54561   32.90820   37.40889   42.04356   46.80846
 -14.10057  -13.37320  -11.99849  -10.16573   -7.97841   -5.51944   -2.82017    0.10311    3.23731    6.57067   10.09274   13.79434   17.66735   21.70460   25.89967   30.24683   34.74092   39.37727   44.15165   49.06018
 -13.67959  -12.92856  -11.50695   -9.61532   -7.36972   -4.84636   -2.07327    0.93242    4.15640    7.58605   11.21033   15.01959   19.00541   23.16032   27.47770   31.95163   36.57676   41.34830   46.26188   51.31351
 -13.24876  -12.47371  -11.00517   -9.05666   -6.75452   -4.16655   -1.31931    1.76889    5.08256    8.60827   12.33442   16.25096   20.34912   24.62120   29.06035   33.66047   38.41605   43.32213   48.37423   53.56823
 -12.81101  -12.01152  -10.49597   -8.49301   -6.13517   -3.48211   -0.56025    2.61067    6.01406    9.63576   13.46363   17.48722   21.69747   26.08643   30.64703   35.37298   40.25861   45.29881   50.48896   55.82485
 -12.36593  -11.54164   -9.97916   -7.92439   -5.51106   -2.79234    0.20450    3.45827    6.95138   10.66894   14.59833   18.72874   23.05079   27.55631   32.23800   37.08938   42.10462   47.27847   52.60617   58.08340
 -11.91234  -11.06296   -9.45396   -7.34982   -4.88087   -2.09601    0.97604    4.31271    7.89542   11.70865   15.73929   19.97618   24.40968   29.03134   33.83366   38.80998   43.95429   49.26120   54.72583   60.34373
 -11.45378  -10.57896   -8.92410   -6.77251   -4.24731   -1.39568    1.75196    5.17173    8.84413   12.75302   16.88486   21.22815   25.77295   30.51058   35.43332   40.53431   45.80740   51.24704   56.84822   62.60638
 -10.98656  -10.08612   -8.38668   -6.18888   -3.60682   -0.68806    2.53532    6.03815    9.80008   13.80440   18.03714   22.48647   27.14217   31.99532   37.03796   42.26307   47.66432   53.23603   58.97305   64.87073
 -10.50955   -9.58347   -7.84131   -5.59758   -2.95819    0.02792    3.32706    6.91282   10.76404   14.86347   19.19674   23.75168   28.51780   33.48591   38.64784   43.99638   49.52506   55.22804   61.10007   67.13638
 -10.02715   -9.07526   -7.29243   -5.00227   -2.30503    0.74885    4.12398    7.79276   11.73329   15.92780   20.36151   25.02191   29.89822   34.98100   40.26187   45.73343   51.38907   57.22283   63.22935   69.40375
  -9.54064   -8.56275   -6.74111   -4.40393   -1.64825    1.47388    4.92529    8.67727   12.70722   16.99684   21.53095   26.29670   31.28302   36.48020   41.87966   47.47386   53.25604   59.22014   65.36069   71.67272
  -9.04982   -8.04573   -6.18677   -3.80214   -0.98738    2.20345    5.73143    9.56678   13.68623   18.07095   22.70535   27.57625   32.67228   37.98347   43.50108   49.21743   55.12565   61.21958   67.49366   73.94286
  -8.55314   -7.52278   -5.62774   -3.19526   -0.32082    2.93908    6.54381   10.46260   14.67149   19.15115   23.88556   28.86119   34.06639   39.49098   45.12608   50.96390   56.99749   63.22061   69.62763   76.21344
  -8.05181   -6.99520   -5.06514   -2.58414    0.35065    3.68003    7.36176   11.36409   15.66237   20.23674   25.07079   30.15066   35.46442   41.00175   46.75368   52.71235   58.87074   65.22255   71.76209   78.48418
  -7.54525   -6.46288   -4.49835   -1.96794    1.02783    4.42706    8.18595   12.27177   16.65920   21.32784   26.26093   31.44430   36.86581   42.51508   48.38311   54.46199   60.74465   67.22472   73.89645   80.75459
  -7.03254   -5.92554   -3.92631   -1.34551    1.71171    5.18104    9.01707   13.18612   17.66215   22.42432   27.45553   32.74140   38.26969   44.03006   50.01348   56.21202   62.61853   69.22656   76.03028   83.02433
  -6.51685   -5.38668   -3.35169   -0.71959    2.39960    5.93932    9.85246   14.10436   18.66834   23.52320   28.65160   34.03907   39.67344   45.54444   51.64300   57.96111   64.49153   71.22770   78.16367   85.29398
  -6.01082   -4.85869   -2.78627   -0.10154    3.08085    6.69183   10.68247   15.01716   19.66876   24.61590   29.84120   35.33026   41.07111   47.05343   53.26809   59.70693   66.36255   73.22827   80.29799   87.56607
  -5.51100   -4.33825   -2.22640    0.51220    3.75887    7.44142   11.50913   15.92572   20.66394   25.70254   31.02434   36.61516   42.46308   48.55762   54.88945   61.45021   68.23232   75.22892   82.43372   89.84095
  -5.01962   -3.82692   -1.67394    1.12009    4.43199    8.18572   12.32923   16.82627   21.65003   26.77970   32.19838   37.89194   43.84821   50.05643   56.50699   63.19127   70.10149   77.23058   84.57209   92.12010
  -4.53600   -3.32373   -1.12782    1.72330    5.10037    8.92330   13.14024   17.71606   22.62484   27.84614   33.36298   39.16087   45.22719   51.55082   58.12181   64.93130   71.97128   79.23449   86.71433   94.40471
  -4.06294   -2.83141   -0.59010    2.31943    5.75926    9.64773   13.93577   18.59006   23.58510   28.90002   34.51724   40.42166   46.60015   53.04120   59.73459   66.67120   73.84283   81.24204   88.86206   96.69667
  -3.60178   -2.35132   -0.06116    2.90518    6.40170   10.35213   14.71143   19.44645   24.53060   29.94195   35.66210   41.67536   47.96820   54.52877   61.34659   68.41232   75.71757   83.25474   91.01693   98.99778
  -3.15392   -1.88447    0.45684    3.47074    7.01799   11.03194   15.46652   20.28616   25.46269   30.97322   36.79874   42.92311   49.33243   56.01461   62.95891   70.15582   77.59675   85.27397   93.18043  101.30965
  -2.72085   -1.43007    0.95064    4.00166    7.60495   11.68905   16.20367   21.11138   26.38307   31.99521   37.92833   44.16594   50.69388   57.49977   64.57269   71.90294   79.48176   87.30126   95.35427  103.63418
  -2.30405   -1.00702    1.39797    4.50040    8.16889   12.32786   16.92558   21.92383   27.29287   33.00872   39.05154   45.40451   52.05319   58.98498   66.18876   73.65463   81.37368   89.33787   97.53989  105.97302
  -2.22559   -0.92764    1.47850    4.58180    8.25166   12.41239   17.01218   22.01274   27.38429   33.10285   39.14852   45.50452   52.15636   59.09147   66.29868   73.76812   81.49085   89.45886   97.66480  106.10196
  -2.14615   -0.89565    1.42255    4.41244    7.94823   11.95700   16.38882   21.20680   26.38223   31.89201   37.71697   43.84092   50.24993   56.93185   63.87595   71.07270   78.51351   86.19063   94.09700  102.22614
  -2.06572   -0.86264    1.36764    4.24414    7.64591   11.50277   15.76669   20.40214   25.38152   30.68258   36.28690   42.17888   48.34512   54.77394   61.45501   68.37916   75.53812   82.92444   90.53134   98.35256
  -1.98428   -0.82860    1.31378    4.07694    7.34473   11.04974   15.14581   19.59880   24.38220   29.47462   34.85837   40.51846   46.44202   52.61782   59.03595   65.68759   72.56480   79.66043   86.96794   94.48135
  -1.90184   -0.79351    1.26098    3.91083    7.04471   10.59794   14.52621   18.79682   23.38430   28.26817   33.43142   38.85971   44.54068   50.46356   56.61885   62.99808   69.59364   76.39867   83.40692   90.61264
  -1.81839   -0.75736    1.20925    3.74586    6.74588   10.14738   13.90795   17.99625   22.38791   27.06330   32.00616   37.20275   42.64122   48.31129   54.20384   60.31078   66.62482   73.13938   79.84849   86.74663
  -1.73392   -0.72016    1.15860    3.58201    6.44824    9.69810   13.29104   17.19711   21.39304   25.86005   30.58262   35.54760   40.74370   46.16107   51.79100   57.62577   63.65841   69.88264   76.29274   82.88345
  -1.64843   -0.68190    1.10905    3.41932    6.15184    9.25013   12.67553   16.39947   20.39977   24.65852   29.16091   33.89441   38.84825   44.01305   49.38051   54.94325   60.69463   66.62867   72.73992   79.02336
  -1.56192   -0.64258    1.06059    3.25779    5.85668    8.80350   12.06147   15.60340   19.40818   23.45879   27.74113   32.24330   36.95503   41.86741   46.97255   52.26342   57.73372   63.37775   69.19032   75.16668
  -1.47440   -0.60221    1.01323    3.09745    5.56281    8.35827   11.44892   14.80896   18.41836   22.26097   26.32342   30.59440   35.06419   39.72433   44.56732   49.58651   54.77592   60.13013   65.64423   71.31371
  -1.38590   -0.56078    0.96698    2.93830    5.27024    7.91447   10.83794   14.01624   17.43042   21.06519   24.90792   28.94790   33.17594   37.58403   42.16508   46.91281   51.82154   56.88617   62.10205   67.46488
  -1.29642   -0.51833    0.92183    2.78038    4.97904    7.47218   10.22864   13.22538   16.44452   19.87166   23.49488   27.30408   31.29061   35.44689   39.76626   44.24279   48.87112   53.64645   58.56438   63.62087
  -1.20599   -0.47486    0.87779    2.62369    4.68923    7.03146    9.62109   12.43647   15.46080   18.68055   22.08450   25.66319   29.40847   33.31323   37.37122   41.57684   45.92509   50.41144   55.03176   59.78226
  -1.11466   -0.43041    0.83485    2.46828    4.40088    6.59243    9.01547   11.64975   14.47955   17.49219   20.67719   24.02570   27.53007   31.18368   34.98064   38.91576   42.98432   47.18209   51.50523   55.95017
  -1.02247   -0.38502    0.79301    2.31418    4.11409    6.15521    8.41196   10.86546   13.50107   16.30697   19.27341   22.39213   25.65602   29.05891   32.59532   36.26040   40.04977   43.95948   47.98595   52.12587
  -0.92952   -0.33873    0.75227    2.16144    3.82897    5.72003    7.81087   10.08401   12.52587   15.12551   17.87389   20.76335   23.78732   26.94006   30.21651   33.61217   37.12299   40.74530   44.47579   48.31139
  -0.83589   -0.29162    0.71265    2.01018    3.54574    5.28718    7.21261    9.30594   11.55464   13.94864   16.47962   19.14052   21.92529   24.82865   27.84593   30.97299   34.20610   37.54188   40.97728   44.50948
  -0.74171   -0.24375    0.67418    1.86054    3.26468    4.85712    6.61784    8.53209   10.58843   12.77765   15.09212   17.52541   20.07196   22.72696   25.48614   28.34571   31.30226   34.35270   37.49423   40.72428
  -0.64717   -0.19522    0.63693    1.71280    2.98630    4.43063    6.02760    7.76383    9.62894   11.61457   13.71382   15.92082   18.23057   20.63867   23.14127   25.73492   28.41652   31.18330   34.03269   36.96237
  -0.55248   -0.14612    0.60109    1.56747    2.71149    4.00901    5.44367    7.00345    8.67901   10.46285   12.34875   14.33146   16.40648   18.56986   20.81812   23.14819   25.55727   28.04287   30.60269   33.23464
  -0.45792   -0.09647    0.56708    1.42554    2.44191    3.59468    4.86931    6.25510    7.74376    9.32863   11.00418   12.76574   14.60931   16.53139   18.52888   20.59905   22.73943   24.94779   27.22209   29.56048
  -0.36383   -0.04615    0.53592    1.28915    2.18101    3.19258    4.31110    5.52717    6.83352    8.22428    9.69463   11.24046   12.85824   14.54493   16.29779   18.11444   19.99269   21.93059   23.92636   25.97837
  -0.27058    0.00560    0.51036    1.16364    1.93717    2.81456    3.78472    4.83949    5.97256    7.17886    8.45418    9.79498   11.19819   12.66115   14.18152   15.75721   17.38634   19.06720   20.79826   22.57810
  -0.17856    0.06167    0.49922    1.06544    1.73595    2.49648    3.33742    4.25171    5.23387    6.27951    7.38497    8.54718    9.76350   11.03162   12.34950   13.71533   15.12747   16.58447   18.08497   19.62776
  -0.08822    0.13806    0.54768    1.07804    1.70608    2.41845    3.20614    4.06252    4.98249    5.96190    6.99736    8.08597    9.22526   10.41307   11.64748   12.92681   14.24953   15.61425   17.01973   18.46481
   0.00000    0.02483    0.09931    0.22344    0.39723    0.62067    0.89377    1.21652    1.58892    2.01098    2.48269    3.00405    3.57507    4.19574    4.86606    5.58604    6.35567    7.17496    8.04390    8.96249
