  -4.18238   -4.05052   -3.80944   -3.49725   -3.12755   -2.70821   -2.24453   -1.74042   -1.19887   -0.62233   -0.01280    0.62802    1.29867    1.99789    2.72453    3.47762    4.25625    5.05961    5.88695    6.73761
  -5.62635   -5.45121   -5.13097   -4.71627   -4.22519   -3.66817   -3.05225   -2.38262   -1.66327   -0.89743   -0.08777    0.76345    1.65430    2.58309    3.54832    4.54867    5.58295    6.65008    7.74907    8.87903
  -7.64851   -7.42309   -7.01093   -6.47720   -5.84516   -5.12825   -4.33555   -3.47370   -2.54787   -1.56221   -0.52015    0.57541    1.72196    2.91734    4.15963    5.44712    6.77827    8.15170    9.56614   11.02044
 -10.51191  -10.22606   -9.70341   -9.02660   -8.22512   -7.31602   -6.31080   -5.21791   -4.04388   -2.79398   -1.47257   -0.08331    1.37061    2.88646    4.46178    6.09442    7.78243    9.52405   11.31768   13.16185
 -14.60982  -14.24863  -13.58823  -12.73304  -11.72033  -10.57164   -9.30149   -7.92056   -6.43712   -4.85780   -3.18812   -1.43272    0.40439    2.31974    4.31025    6.37318    8.50608   10.70671   12.97305   15.30326
 -19.10952  -18.66815  -17.86113  -16.81607  -15.57853  -14.17481  -12.62267  -10.93516   -9.12237   -7.19242   -5.15205   -3.00693   -0.76195    1.57864    4.01107    6.53200    9.13842   11.82762   14.59713   17.44467
 -18.94245  -18.47723  -17.62662  -16.52513  -15.22074  -13.74120  -12.10524  -10.32658   -8.41587   -6.38169   -4.23111   -1.97013    0.39610    2.86311    5.42691    8.08400   10.83120   13.66565   16.58474   19.58609
 -18.75230  -18.26352  -17.36984  -16.21256  -14.84211  -13.28764  -11.56882   -9.70008   -7.69261   -5.55541   -3.29591   -0.92043    1.56565    4.15759    6.85124    9.64290   12.52923   15.50722   18.57415   21.72750
 -18.53952  -18.02745  -17.09119  -15.87877  -14.44303  -12.81450  -11.01379   -9.05601   -6.95290   -4.71387   -2.34672    0.14194    2.74646    5.46190    8.28388   11.20855   14.23239   17.35228   20.56533   23.86891
 -18.30454  -17.76946  -16.79111  -15.52418  -14.02390  -12.32216  -10.44050   -8.39472   -6.19706   -3.85737   -1.38382    1.21673    3.93833    6.77583    9.72468   12.78082   15.94060   19.20073   22.55823   26.01032
 -18.04783  -17.49000  -16.47003  -15.14923  -13.58514  -11.81102   -9.84933   -7.71654   -5.42542   -2.98623   -0.40747    2.30367    5.14102    8.09921   11.17347   14.35958   17.65375   21.05254   24.55282   28.15173
 -17.76985  -17.18951  -16.12841  -14.75433  -13.12715  -11.28148   -9.24067   -7.02185   -4.63832   -2.10074    0.58203    3.40252    6.35432    9.43182   12.63007   15.94470   19.37173   22.90761   26.54907   30.29315
 -17.47106  -16.86847  -15.76669  -14.33993  -12.65037  -10.73394   -8.61489   -6.31101   -3.83609   -1.20123    1.58439    4.51301    7.57797   10.77345   14.09433   17.53603   21.09445   24.76588   28.54695   32.43456
 -17.15195  -16.52736  -15.38534  -13.90649  -12.15524  -10.16883   -7.97240   -5.58439   -3.01910   -0.28804    2.59930    5.63487    8.81174   12.12391   15.56604   19.13342   22.82177   26.62727   30.54641   34.57597
 -16.81306  -16.16670  -14.98489  -13.45450  -11.64222   -9.58660   -7.31363   -4.84241   -2.18774    0.63850    3.62645    6.76779   10.05537   13.48295   17.04503   20.73671   24.55359   28.49170   32.54740   36.71738
 -16.45496  -15.78707  -14.56589  -12.98452  -11.11187   -8.98776   -6.63907   -4.08553   -1.34241    1.57798    4.66547    7.91146   11.30856   14.85033   18.53108   22.34575   26.28978   30.35908   34.54989   38.85879
 -16.07835  -15.38916  -14.12901  -12.49719  -10.56479   -8.37291   -5.94929   -3.31427   -0.48363    2.52993    5.71593    9.06549   12.57098   16.22575   20.02393   23.96031   28.03018   32.22930   36.55383   41.00021
 -15.68401  -14.97372  -13.67501  -11.99324  -10.00169   -7.74272   -5.24491   -2.52924    0.38803    3.49384    6.77735   10.22944   13.84222   17.60886   21.52329   25.58016   29.77460   34.10225   38.55915   43.14162
 -15.27279  -14.54161  -13.20470  -11.47346   -9.42334   -7.09793   -4.52666   -1.73111    1.27197    4.46912    7.84921   11.40283   15.12187   18.99929   23.02886   27.20505   31.52286   35.97780   40.56578   45.28303
 -14.84556  -14.09368  -12.71892  -10.93868   -8.83052   -6.43929   -3.79523   -0.92055    2.16754    5.45520    8.93097   12.58518   16.40950   20.39668   24.54032   28.83472   33.27475   37.85580   42.57365   47.42444
 -14.40321  -13.63081  -12.21854  -10.38973   -8.22405   -5.76757   -3.05136   -0.09825    3.07410    6.45146   10.02207   13.77599   17.70466   21.80063   26.05733   30.46890   35.03009   39.73613   44.58271   49.56585
 -13.94665  -13.15391  -11.70445   -9.82746   -7.60474   -5.08356   -2.29582    0.73508    3.99098    7.45730   11.12196   14.97474   19.00689   23.21075   27.57956   32.10733   36.78865   41.61864   46.59287   51.70727
 -13.47683  -12.66390  -11.17753   -9.25276   -6.97344   -4.38807   -1.52935    1.57871    4.91751    8.47209   12.23005   16.18093   20.31573   24.62662   29.10667   33.74971   38.55022   43.50319   48.60407   53.84868
 -12.99469  -12.16173  -10.63873   -8.66651   -6.33103   -3.68194   -0.75276    2.43190    5.85299    9.49517   13.34574   17.39400   21.63071   26.04784   30.63830   35.39578   40.31460   45.38964   50.61623   55.99009
 -12.50124  -11.64839  -10.08900   -8.06967   -5.67840   -2.96602    0.03313    3.29387    6.79668   10.52587   14.46843   18.61339   22.95131   27.47396   32.17408   37.04521   42.08154   47.27781   52.62926   58.13150
 -11.99754  -11.12491   -9.52937   -7.46322   -5.01650   -2.24124    0.82745    4.16380    7.74783   11.56348   15.59746   19.83853   24.27702   28.90454   33.71364   38.69771   43.85081   49.16757   54.64310   60.27292
 -11.48472  -10.59243   -8.96093   -6.84822   -4.34636   -1.50856    1.62928    5.04081    8.70561   12.60724   16.73212   21.06876   25.60728   30.33908   35.25655   40.35293   45.62216   51.05872   56.65764   62.41433
 -10.96401  -10.05214   -8.38487   -6.22582   -3.66910   -0.76906    2.43760    5.92395    9.66912   13.65632   17.87167   22.30341   26.94147   31.77704   36.80235   42.01051   47.39530   52.95109   58.67281   64.55574
 -10.43675   -9.50540   -7.80248   -5.59729   -2.98592   -0.02389    3.25130    6.81217   10.63739   14.70981   19.01526   23.54173   28.27892   33.21784   38.35057   43.67004   49.16992   54.84447   60.68848   66.69715
  -9.90441   -8.95363   -7.21519   -4.96400   -2.29815    0.72567    4.06919    7.70434   11.60935   15.76673   20.16199   24.78288   29.61889   34.66085   39.90065   45.33109   50.94570   56.73863   62.70454   68.83856
  -9.36850   -8.39833   -6.62445   -4.32735   -1.60715    1.47832    4.89001    8.59928   12.58391   16.82606   21.31093   26.02604   30.96065   36.10541   41.45204   46.99321   52.72229   58.63333   64.72089   70.97997
  -8.83059   -7.84106   -6.03177   -3.68884   -0.91435    2.23270    5.71248    9.49577   13.55992   17.88673   22.46110   27.27031   32.30340   37.55083   43.00417   48.65592   54.49934   60.52834   66.73739   73.12139
  -8.29234   -7.28345   -5.43877   -3.05000   -0.22124    2.98737    6.53522   10.39252   14.53618   18.94763   23.61149   28.51478   33.64633   38.99641   44.55642   50.31873   56.27646   62.42341   68.75392   75.26280
  -7.75554   -6.72728   -4.84717   -2.41253    0.47056    3.74079    7.35677   11.28815   15.51139   20.00755   24.76098   29.75843   34.98853   40.44135   46.10814   51.98112   58.05326   64.31825   70.77033   77.40421
  -7.22212   -6.17444   -4.25884   -1.77823    1.15930    4.49128    8.17554   12.18115   16.48413   21.06519   25.90837   31.00019   36.32904   41.88483   47.65862   53.64248   59.82928   66.21257   72.78648   79.54562
  -6.69418   -5.62702   -3.67580   -1.14905    1.84310    5.23703    8.98980   13.06990   17.45290   22.11914   27.05239   32.23888   37.66683   43.32593   49.20708   55.30222   61.60406   68.10605   74.80220   81.68703
  -6.17395   -5.08721   -3.10019   -0.52711    2.51993    5.97612    9.79773   13.95267   18.41606   23.16790   28.19163   33.47327   39.00078   44.76368   50.75271   56.95966   63.37709   69.99835   76.81733   83.82845
  -5.66376   -4.55733   -2.53430    0.08542    3.18769    6.70651   10.59739   14.82763   19.37192   24.20988   29.32467   34.70203   40.32972   46.19707   52.29465   58.61409   65.14784   71.88910   78.83167   85.96986
  -5.16604   -4.03977   -1.98045    0.68627    3.84418    7.42613   11.38680   15.69292   20.31872   25.24347   30.45000   35.92382   41.65245   47.62505   53.83201   60.26480   66.91575   73.77793   80.84504   88.11127
  -4.68316   -3.53685   -1.44092    1.27321    4.48727    8.13291   12.16400   16.54669   21.25474   26.26705   31.56616   37.13730   42.96780   49.04659   55.36392   61.91109   68.68030   75.66449   82.85725   90.25268
  -4.21737   -3.05083   -0.91790    1.84413    5.11492    8.82491   12.92714   17.38719   22.17834   27.27911   32.67175   38.34123   44.27463   50.46072   56.88954   63.55227   70.44096   77.54842   84.86813   92.39409
  -3.77077   -2.58377   -0.41342    2.39707    5.72523    9.50030   13.67450   18.21279   23.08798   28.27824   33.76548   39.53441   45.57191   51.86651   58.40811   65.18772   72.19725   79.42940   86.87752   94.53551
  -3.34524   -2.13752    0.07070    2.93025    6.31651   10.15747   14.40453   19.02202   23.98232   29.26317   34.84618   40.71581   46.85868   53.26316   59.91894   66.81689   73.94876   81.30714   88.88527   96.67692
  -2.94238   -1.71367    0.53294    3.44219    6.88731   10.79503   15.11591   19.81367   24.86018   30.23282   35.91288   41.88453   48.13417   54.64997   61.42144   68.43928   75.69512   83.18140   90.89125   98.81833
  -2.88419   -1.65618    0.58915    3.49673    6.93988   10.84536   15.16378   19.85885   24.90247   30.27204   35.94885   41.91708   48.16316   54.67522   61.44282   68.45665   75.70835   83.19035   90.89578   98.81833
  -2.82456   -1.62917    0.55650    3.38684    6.73852   10.54025   14.74394   19.31428   24.22392   29.45084   34.97684   40.78652   46.86666   53.20573   59.79354   66.62104   73.68008   80.96332   88.46405   96.17613
  -2.76346   -1.60072    0.52527    3.27833    6.53849   10.23641   14.32531   18.77086   23.54643   28.63063   34.00573   39.65678   45.57090   51.73687   58.14479   64.78586   71.65216   78.73651   86.03243   93.53393
  -2.70087   -1.57078    0.49550    3.17123    6.33981    9.93387   13.90792   18.22860   22.87004   27.81143   33.03556   38.52788   44.27588   50.26866   56.49660   62.95114   69.62457   76.50994   83.60093   90.89173
  -2.63674   -1.53933    0.46720    3.06556    6.14252    9.63265   13.49179   17.68753   22.19475   26.99326   32.06633   37.39983   42.98162   48.80112   54.84897   61.11687   67.59733   74.28361   81.16955   88.24953
  -2.57105   -1.50634    0.44041    2.96135    5.94664    9.33278   13.07694   17.14767   21.52061   26.17615   31.09807   36.27266   41.68815   47.33426   53.20192   59.28307   65.57045   72.05751   78.73829   85.60732
  -2.50376   -1.47177    0.41516    2.85864    5.75220    9.03430   12.66341   16.60906   20.84762   25.36011   30.13079   35.14638   40.39547   45.86809   51.55545   57.44974   63.54393   69.83166   76.30716   82.96512
  -2.43485   -1.43559    0.39148    2.75746    5.55923    8.73721   12.25121   16.07170   20.17582   24.54516   29.16452   34.02102   39.10359   44.40262   49.90957   55.61690   61.51777   67.60606   73.87615   80.32292
  -2.36429   -1.39778    0.36940    2.65782    5.36775    8.44156   11.84037   15.53562   19.50521   23.73133   28.19927   32.89657   37.81254   42.93787   48.26431   53.78455   59.49200   65.38071   71.44527   77.68072
  -2.29205   -1.35832    0.34894    2.55975    5.17778    8.14736   11.43091   15.00085   18.83583   22.91863   27.23505   31.77306   36.52233   41.47385   46.61966   51.95270   57.46660   63.15562   69.01452   75.03852
  -2.21810   -1.31717    0.33012    2.46328    4.98936    7.85463   11.02285   14.46740   18.16768   22.10708   26.27189   30.65051   35.23296   40.01057   44.97564   50.12136   55.44159   60.93079   66.58391   72.39632
  -2.14244   -1.27432    0.31296    2.36842    4.80249    7.56339   10.61620   13.93529   17.50078   21.29669   25.30979   29.52892   33.94446   38.54803   43.33225   48.29054   53.41697   58.70622   64.15343   69.75412
  -2.06504   -1.22976    0.29748    2.27519    4.61718    7.27365   10.21099   13.40452   16.83514   20.48747   24.34877   28.40830   32.65681   37.08625   41.68950   46.46023   51.39275   56.48193   61.72308   67.11191
  -1.98589   -1.18348    0.28369    2.18360    4.43346    6.98542    9.80721   12.87511   16.17078   19.67942   23.38882   27.28866   31.37004   35.62523   40.04738   44.63044   49.36892   54.25790   59.29287   64.46971
  -1.90500   -1.13546    0.27158    2.09364    4.25131    6.69871    9.40487   12.34706   15.50768   18.87255   22.42996   26.16999   30.08413   34.16496   38.40592   42.80118   47.34550   52.03414   56.86280   61.82751
  -1.82237   -1.08573    0.26116    2.00532    4.07074    6.41350    9.00395   11.82036   14.84585   18.06686   21.47217   25.05230   28.79910   32.70545   36.76509   40.97243   45.32246   49.81064   54.43286   59.18531
  -1.73801   -1.03429    0.25240    1.91861    3.89172    6.12978    8.60446   11.29500   14.18527   17.26233   20.51545   23.93558   27.51492   31.24669   35.12489   39.14420   43.29982   47.58742   52.00305   56.54311
  -1.65196   -0.98118    0.24528    1.83349    3.71423    5.84752    8.20636   10.77095   13.52592   16.45894   19.55977   22.81980   26.23158   29.78866   33.48532   37.31648   41.27756   45.36445   49.57338   53.90091
  -1.56425   -0.92644    0.23975    1.74991    3.53824    5.56669    7.80962   10.24818   12.86777   15.65666   18.60512   21.70494   24.94907   28.33135   31.84635   35.48924   39.25568   43.14173   47.14383   51.25870
  -1.47497   -0.87014    0.23575    1.66782    3.36367    5.28724    7.41418    9.72664   12.21077   14.85544   17.65144   20.59097   23.66735   26.87473   30.20797   33.66249   37.23416   40.91926   44.71442   48.61651
  -1.38419   -0.81236    0.23319    1.58713    3.19046    5.00907    7.01997    9.20627   11.55486   14.05524   16.69869   19.47784   22.38637   25.41876   28.57013   31.83617   35.21298   38.69702   42.28511   45.97430
  -1.29202   -0.75320    0.23198    1.50775    3.01850    4.73211    6.62691    8.68697   10.89996   13.25598   15.74679   18.36548   21.10608   23.96339   26.93281   30.01028   33.19211   36.47500   39.85592   43.33210
  -1.19860   -0.69282    0.23197    1.42953    2.84767    4.45623    6.23486    8.16864   10.24597   12.45755   14.79567   17.25382   19.82641   22.50856   25.29594   28.18475   31.17153   34.25316   37.42682   40.68990
  -1.10411   -0.63137    0.23300    1.35231    2.67780    4.18127    5.84370    7.65114    9.59275   11.65984   13.84521   16.14277   18.54728   21.05419   23.65947   26.35955   29.15119   32.03149   34.99780   38.04770
  -1.00876   -0.56908    0.23485    1.27591    2.50871    3.90706    5.45325    7.13431    8.94016   10.86272   12.89528   15.03219   17.26857   19.60020   22.02332   24.53460   27.13104   29.80995   32.56885   35.40550
  -0.91280   -0.50618    0.23730    1.20007    2.34018    3.63337    5.06330    6.61795    8.28801   10.06600   11.94573   13.92195   15.99018   18.14647   20.38739   22.70983   25.11104   27.58850   30.13995   32.76330
  -0.81653   -0.44298    0.24005    1.12452    2.17192    3.35996    4.67361    6.10183    7.63609    9.26950   10.99637   12.81189   14.71193   16.69288   18.75157   20.88515   23.09110   25.36710   27.71108   30.12109
  -0.72029   -0.37980    0.24277    1.04896    2.00364    3.08652    4.28389    5.58570    6.98415    8.47298   10.04700   11.70182   13.43367   15.23928   17.11574   19.06048   21.07116   23.14570   25.28220   27.47890
  -0.62445   -0.31702    0.24510    0.97301    1.83500    2.81273    3.89384    5.06925    6.33192    7.67618    9.09737   10.59151   12.15521   13.78550   15.47976   17.23567   19.05113   20.92424   22.85329   24.83669
  -0.52944   -0.25505    0.24663    0.89629    1.66561    2.53823    3.50312    4.55216    5.67908    6.87883    8.14723    9.48075   10.87634   12.33137   13.84349   15.41062   17.03091   18.70265   20.42432   22.19449
  -0.43568   -0.19433    0.24695    0.81839    1.49508    2.26264    3.11135    4.03409    5.02533    6.08064    7.19632    8.36928    9.59684   10.87668   12.20674   13.58520   15.01040   16.48086   17.99524   19.55229
  -0.34362   -0.13529    0.24563    0.73890    1.32302    1.98558    2.71820    3.51471    4.37035    5.28129    6.24436    7.25686    8.31650    9.42127   10.56938   11.75927   12.98951   14.25882   15.56604   16.91009
  -0.25367   -0.07833    0.24227    0.65743    1.14905    1.70670    2.32330    2.99368    3.71384    4.48053    5.29109    6.14326    7.03511    7.96493    8.93124    9.93271   10.96814   12.03645   13.13667   14.26789
  -0.16621   -0.02383    0.23650    0.57362    0.97284    1.42566    1.92636    2.47073    3.05551    3.67808    4.33628    5.02827    5.75247    6.50751    7.29218    8.10540    8.94620    9.81370   10.70710   11.62568
  -0.08157    0.02788    0.22802    0.48718    0.79408    1.14219    1.52710    1.94558    2.39514    2.87374    3.37974    3.91170    4.46843    5.04887    5.65209    6.27726    6.92362    7.59051    8.27732    8.98348
   0.00000    0.00000    0.00000    0.00000    0.00000    0.00000    0.00000    0.00000    0.00000    0.00000    0.00000    0.00000    0.00000    0.00000    0.00000    0.00000    0.00000    0.00000    0.00000    0.00000
