-12.721114 -13.185262 -14.116049 -15.509987 -17.517022 -20.453288 -24.969566 -32.609164 -47.972408 -93.721290 -4623.588192 95.683196 47.001364 31.046241 23.139712 18.431278 15.314816 13.104318 11.457151 10.183559
-9.253755 -9.600625 -10.294181 -11.328051 -12.811101 -14.967829 -18.264069 -23.769817 -34.616117 -65.281273 -679.784822 79.651849 37.486951 24.494467 18.201091 14.498388 12.065722 10.349779 9.077301 8.097858
-6.630324 -6.874007 -7.356768 -8.085156 -9.108129 -10.564384 -12.733721 -16.199762 -22.531554 -37.491599 -115.023468 106.322665 36.367749 21.989484 15.808637 12.384097 10.215625 8.724042 7.637251 6.811204
-4.641877 -4.818238 -5.163077 -5.662171 -6.350226 -7.296748 -8.647286 -10.691303 -14.118371 -20.913435 -40.615253 -735.539720 45.882211 22.402369 14.921666 11.261040 9.101179 7.681559 6.679281 5.935589
-2.638230 -2.840933 -3.199357 -3.658660 -4.210816 -4.877765 -5.763155 -6.973803 -8.833011 -12.008404 -18.763850 -42.831397 155.821838 27.963977 15.546710 10.889130 8.467396 6.993547 6.004728 5.297442
.000000 -1.602950 -1.164886 -.770347 -1.094459 -1.909180 -3.046176 -4.415650 -5.970620 -8.051355 -11.662543 -20.553216 -83.256739 41.286722 16.760400 10.682672 7.967442 6.445716 5.479472 4.814179
.000000 -1.589231 -1.088846 -.784637 -1.232216 -2.155165 -3.384847 -4.842293 -6.575851 -9.145383 -14.279794 -31.564998 161.531637 23.033034 12.590091 8.813226 6.891354 5.738808 4.975523 4.434557
.000000 -1.609660 -1.060788 -.807540 -1.392996 -2.412562 -3.728105 -5.286428 -7.265750 -10.548370 -18.388121 -67.878780 41.162157 16.034560 10.129593 7.538619 6.101984 5.196821 4.577536 4.128278
.000000 -1.592114 -1.012812 -.849480 -1.572820 -2.672814 -4.076750 -5.759242 -8.078183 -12.443221 -25.853608 441.609925 23.607782 12.332033 8.506174 6.613915 5.498218 4.768025 4.255170 3.875853
.000000 -1.544781 -.935361 -.915577 -1.763210 -2.940550 -4.433537 -6.275370 -9.069759 -15.181369 -43.823428 51.623205 16.550347 10.041191 7.355348 5.912748 5.021611 4.420324 3.988688 3.664136
.000000 -1.480355 -.881542 -1.005607 -1.957591 -3.214456 -4.802500 -6.854797 -10.330202 -19.536326 -148.571121 27.290544 12.739975 8.485140 6.497645 5.363168 4.635967 4.132727 3.764680 3.483937
.000000 -1.420661 -.845787 -1.124379 -2.155403 -3.492790 -5.189205 -7.525189 -12.012937 -27.618306 103.709288 18.477971 10.356416 7.360674 5.834527 4.921172 4.317673 3.890931 3.573721 3.328658
.000000 -1.377098 -.844806 -1.263070 -2.356626 -3.776323 -5.602451 -8.327575 -14.404980 -47.970410 37.943822 13.924959 8.727048 6.511594 5.307249 4.558350 4.050643 3.684854 3.409005 3.193440
.000000 -1.337333 -.835274 -1.419367 -2.561324 -4.066948 -6.054515 -9.325225 -18.114188 -198.469126 23.013284 11.146398 7.545511 5.849075 4.878547 4.255457 3.823556 3.507169 3.265465 3.074596
.000000 -1.313043 -.853542 -1.577475 -2.772180 -4.367783 -6.563104 -10.622145 -24.697819 88.727148 16.402286 9.278183 6.651861 5.318874 4.523706 3.999040 3.628171 3.352414 3.139250 2.969296
.000000 -1.280088 -.871200 -1.723255 -2.986154 -4.682639 -7.153801 -12.402397 -39.713980 35.544432 12.674273 7.940054 5.954416 4.885875 4.225580 3.779364 3.458367 3.216446 3.027401 2.875333
.000000 -1.244944 -.905405 -1.863363 -3.202727 -5.017501 -7.864657 -15.027504 -108.649425 21.931386 10.286177 6.938272 5.396740 4.526427 3.971963 3.589230 3.309506 3.096065 2.927602 2.790952
.000000 -1.207184 -.955607 -2.002725 -3.422456 -5.380751 -8.755094 -19.319731 133.339285 15.701457 8.632057 6.163542 4.942041 4.223859 3.753877 3.423199 3.178009 2.988768 2.838005 2.714752
.000000 -1.173632 -1.031727 -2.151394 -3.647212 -5.785156 -9.923318 -27.650993 40.015797 12.134891 7.424733 5.549217 4.565371 3.966193 3.564589 3.277088 3.061064 2.892556 2.757123 2.645586
.000000 -1.136026 -1.129580 -2.303599 -3.879428 -6.249778 -11.545887 -50.871880 23.082192 9.832671 6.510049 5.052329 4.249126 3.744542 3.398966 3.147620 2.956433 2.805804 2.683739 2.582499
.000000 -1.097975 -1.240678 -2.455019 -4.122204 -6.803836 -13.975941 -465.825872 15.989288 8.233215 5.797403 4.643761 3.980534 3.552179 3.253002 3.032197 2.862306 2.727186 2.616830 2.524681
.000000 -1.058975 -1.355686 -2.603324 -4.379633 -7.493047 -18.041452 60.787161 12.099689 7.066397 5.229877 4.303180 3.750182 3.383954 3.123555 2.928723 2.777191 2.655596 2.555533 2.471443
.000000 -1.032746 -1.445129 -2.746232 -4.658348 -8.393088 -26.258875 27.610185 9.656286 6.184961 4.769743 4.015935 3.550906 3.235851 3.008084 2.835485 2.699851 2.590085 2.499097 2.422170
.000000 -.990549 -1.525341 -2.885183 -4.969193 -9.638203 -51.645806 17.474663 7.994200 5.501231 4.391051 3.771168 3.377201 3.104654 2.904540 2.751046 2.629231 2.529834 2.446868 2.376308
.000000 -.972259 -1.615148 -3.024409 -5.329646 -11.494099 1134.608675 12.582227 6.804042 4.959459 4.075333 3.560753 3.224770 2.987788 2.811219 2.674195 2.564416 2.474119 2.398248 2.333353
.000000 -.925437 -1.714242 -3.167718 -5.767944 -14.574463 43.872899 9.724765 5.920176 4.522517 3.809194 3.378468 3.090197 2.883132 2.726677 2.603879 2.504586 2.422281 2.352679 2.292828
.000000 -.926934 -1.802714 -3.317244 -6.329337 -20.698679 21.511147 7.877946 5.244973 4.164734 3.582682 3.219436 2.970697 2.788896 2.649647 2.539143 2.448981 2.373692 2.309631 2.254275
.000000 -.895903 -1.868308 -3.473379 -7.093078 -38.734687 13.896708 6.607666 4.717058 3.867940 3.388244 3.079786 2.863948 2.703509 2.578979 2.479089 2.396869 2.327736 2.268580 2.217242
.000000 -.886809 -1.901030 -3.639400 -8.210473 -1187.584297 10.113227 5.694308 4.296150 3.618951 3.220019 2.956312 2.767908 2.625540 2.513574 2.422828 2.347518 2.283791 2.228995 2.181275
.000000 -.880939 -1.902855 -3.826649 -10.010600 37.247266 7.901147 5.014335 3.954979 3.407948 3.073335 2.846297 2.680749 2.553606 2.452333 2.369457 2.300173 2.241225 2.190347 2.145926
.000000 -.867472 -1.892422 -4.058365 -13.386656 17.492686 6.481848 4.493642 3.674499 3.227413 2.944287 2.747269 2.600676 2.486305 2.394120 2.318040 2.254056 2.199395 2.152101 2.110755
.000000 -.875207 -1.888318 -4.370581 -21.958282 11.204015 5.511086 4.085717 3.440982 3.071333 2.829436 2.656861 2.525883 2.422188 2.337771 2.267637 2.208406 2.157688 2.113766 2.075370
.000000 -.919497 -1.901215 -4.818123 -84.994379 8.209740 4.814934 3.760028 3.244087 2.934616 2.725545 2.572693 2.454503 2.359799 2.282145 2.217363 2.162544 2.115587 2.074946 2.039467
.000000 -.985696 -1.932547 -5.515592 38.073378 6.502819 4.297551 3.495507 3.075530 2.812596 2.629371 2.492302 2.384691 2.297768 2.226239 2.166499 2.115965 2.072741 2.035404 2.002884
.000000 -1.066582 -1.979595 -6.777576 15.076558 5.421782 3.902020 3.276615 2.928059 2.700659 2.537581 2.413280 2.314770 2.234988 2.169357 2.114632 2.068449 2.029054 1.995119 1.965645
.000000 -1.135997 -2.030900 -9.736930 9.425312 4.688838 3.591666 3.090695 2.794649 2.594062 2.446912 2.333544 2.243560 2.170861 2.111266 2.061752 2.020113 1.984707 1.954300 1.927960
.000000 -1.161997 -2.109483 -20.607828 6.947622 4.166820 3.340127 2.926100 2.668127 2.488235 2.354763 2.251909 2.170707 2.105490 2.052298 2.008290 1.971410 1.940145 1.913361 1.890212
.000000 -1.145929 -2.304013 127.618577 5.595311 3.777317 3.125334 2.771150 2.541743 2.379883 2.260097 2.168539 2.096882 2.039707 1.993296 1.955034 1.923054 1.896000 1.872865 1.852897
.000000 -1.122571 -2.793151 16.330188 4.761658 3.466324 2.926119 2.615237 2.411375 2.268557 2.164066 2.085028 2.023638 1.974894 1.935447 1.902991 1.875904 1.853013 1.833454 1.816584
.000000 -1.151410 -3.933082 9.222765 4.189343 3.187657 2.724196 2.453493 2.278249 2.157275 2.069697 2.003907 1.953008 1.912676 1.880069 1.853253 1.830876 1.811967 1.795812 1.781877
.000000 -1.325816 -6.824078 6.738674 3.723721 2.904542 2.514880 2.291307 2.148773 2.051168 1.980763 1.927946 1.887089 1.854697 1.828489 1.806919 1.788906 1.773675 1.760654 1.749417
.000000 -1.844605 -18.235081 5.398199 3.262697 2.616665 2.313568 2.140993 2.030999 1.955493 1.900869 1.859775 1.827908 1.802590 1.782069 1.765152 1.751006 1.739030 1.728783 1.719932
.000000 -3.195196 135.455830 4.326268 2.827161 2.363278 2.142037 2.014208 1.931828 1.874812 1.833310 1.801951 1.777553 1.758114 1.742320 1.729276 1.718351 1.709090 1.701158 1.694300
.000000 -6.161349 21.624282 3.778096 2.544825 2.193879 2.024510 1.925653 1.861502 1.816885 1.784301 1.759616 1.740373 1.725020 1.712533 1.702211 1.693560 1.686223 1.679935 1.674497
.000000 -6.283189 19.199864 3.664493 2.509583 2.172318 2.008553 1.912717 1.850459 1.807144 1.775498 1.751511 1.732806 1.717878 1.705736 1.695697 1.687284 1.680147 1.674031 1.668741
.000000 -6.248378 19.846761 3.682128 2.509040 2.169275 2.004697 1.908520 1.846100 1.802704 1.771017 1.747010 1.728296 1.713365 1.701222 1.691186 1.682775 1.675642 1.669529 1.664242
.000000 -6.215292 20.509762 3.698373 2.507805 2.165710 2.000396 1.903923 1.841371 1.797914 1.766200 1.742184 1.723469 1.708541 1.696404 1.686373 1.677968 1.670841 1.664734 1.659452
.000000 -6.184033 21.184834 3.713011 2.505822 2.161584 1.995621 1.898901 1.836248 1.792752 1.761027 1.737013 1.718306 1.703388 1.691261 1.681241 1.672846 1.665728 1.659629 1.654355
.000000 -6.154620 21.866517 3.725811 2.503031 2.156861 1.990342 1.893429 1.830710 1.787197 1.755478 1.731478 1.712788 1.697888 1.685777 1.675771 1.667390 1.660284 1.654196 1.648932
.000000 -6.127253 22.547598 3.736513 2.499365 2.151499 1.984529 1.887481 1.824731 1.781227 1.749530 1.725558 1.706895 1.692020 1.679931 1.669946 1.661582 1.654492 1.648418 1.643166
.000000 -6.102058 23.219024 3.744875 2.494769 2.145464 1.978156 1.881036 1.818295 1.774826 1.743170 1.719239 1.700613 1.685770 1.673711 1.663751 1.655409 1.648338 1.642280 1.637044
.000000 -6.079114 23.869101 3.750596 2.489169 2.138715 1.971190 1.874065 1.811375 1.767969 1.736375 1.712499 1.693921 1.679120 1.667096 1.657166 1.648851 1.641803 1.635765 1.630546
.000000 -6.057629 24.483225 3.753383 2.482503 2.131213 1.963604 1.866547 1.803953 1.760640 1.729127 1.705322 1.686803 1.672053 1.660071 1.650178 1.641894 1.634872 1.628858 1.623660
.000000 -6.038566 25.045098 3.752946 2.474708 2.122926 1.955377 1.858465 1.796013 1.752824 1.721416 1.697697 1.679250 1.664559 1.652627 1.642776 1.634528 1.627537 1.621550 1.616375
.000000 -6.021741 25.535048 3.748968 2.465726 2.113823 1.946488 1.849803 1.787544 1.744511 1.713230 1.689613 1.671251 1.656629 1.644755 1.634952 1.626745 1.619790 1.613833 1.608684
.000000 -6.007803 25.931552 3.741126 2.455496 2.103879 1.936921 1.840549 1.778536 1.735694 1.704563 1.681067 1.662801 1.648258 1.636449 1.626701 1.618541 1.611625 1.605703 1.600584
.000000 -5.996738 26.210986 3.729155 2.443993 2.093092 1.926684 1.830717 1.769003 1.726387 1.695430 1.672071 1.653915 1.639462 1.627726 1.618040 1.609930 1.603059 1.597175 1.592088
.000000 -5.988406 26.348791 3.712731 2.431176 2.081455 1.915780 1.820311 1.758952 1.716598 1.685841 1.662637 1.644604 1.630250 1.618597 1.608978 1.600926 1.594103 1.588260 1.583210
.000000 -5.983120 26.321583 3.691629 2.417057 2.068999 1.904245 1.809372 1.748424 1.706369 1.675836 1.652805 1.634909 1.620664 1.609100 1.599556 1.591566 1.584796 1.578999 1.573988
.000000 -5.980900 26.108046 3.665566 2.401641 2.055765 1.892129 1.797949 1.737471 1.695750 1.665466 1.642626 1.624879 1.610754 1.599288 1.589824 1.581902 1.575189 1.569441 1.564473
.000000 -5.982149 25.691394 3.634354 2.385011 2.041850 1.879530 1.786142 1.726189 1.684838 1.654826 1.632194 1.614609 1.600614 1.589252 1.579875 1.572026 1.565375 1.559679 1.554757
.000000 -5.987339 25.062159 3.597950 2.367312 2.027407 1.866599 1.774098 1.714724 1.673777 1.644060 1.621650 1.604239 1.590381 1.579131 1.569846 1.562074 1.555488 1.549849 1.544974
.000000 -5.997052 24.219807 3.556447 2.348762 2.012658 1.853553 1.762028 1.703281 1.662767 1.633364 1.611191 1.593962 1.580250 1.569118 1.559930 1.552238 1.545721 1.540140 1.535316
.000000 -6.011006 23.173401 3.510196 2.329713 1.997933 1.840708 1.750238 1.692160 1.652103 1.623030 1.601104 1.584066 1.570504 1.559494 1.550406 1.542798 1.536350 1.530829 1.526057
.000000 -6.028486 21.943530 3.459965 2.310693 1.983722 1.828526 1.739175 1.681797 1.642214 1.613480 1.591807 1.574963 1.561555 1.550669 1.541682 1.534158 1.527782 1.522322 1.517602
.000000 -6.047690 20.559063 3.406905 2.292447 1.970707 1.817658 1.729465 1.672802 1.633699 1.605306 1.583886 1.567236 1.553981 1.543217 1.534330 1.526889 1.520584 1.515183 1.510515
.000000 -6.065507 19.057238 3.352735 2.276007 1.959827 1.808992 1.721969 1.666018 1.627387 1.599327 1.578152 1.561689 1.548580 1.537933 1.529142 1.521781 1.515543 1.510199 1.505579
.000000 -6.077560 17.480657 3.299918 2.262891 1.952459 1.803835 1.717950 1.662679 1.624493 1.596742 1.575794 1.559503 1.546527 1.535987 1.527283 1.519993 1.513815 1.508522 1.503946
.000000 -6.076960 15.874154 3.251768 2.255294 1.950593 1.804077 1.719241 1.664578 1.626782 1.599298 1.578542 1.562395 1.549531 1.539079 1.530446 1.523215 1.517085 1.511834 1.507293
.000000 -6.060821 14.280281 3.212102 2.256103 1.956907 1.812287 1.728341 1.674170 1.636677 1.609395 1.588780 1.572736 1.559949 1.549557 1.540972 1.533780 1.527682 1.522457 1.517939
.000000 -6.033403 12.742248 3.186701 2.269909 1.975637 1.832518 1.749194 1.695328 1.658000 1.630815 1.610260 1.594255 1.581494 1.571120 1.562547 1.555364 1.549272 1.544052 1.539537
.000000 -6.009341 11.299028 3.183006 2.303342 2.013010 1.870771 1.787662 1.733818 1.696452 1.669210 1.648597 1.632537 1.619726 1.609308 1.600695 1.593477 1.587354 1.582106 1.577567
.000000 -6.016976 9.985234 3.211510 2.366667 2.078814 1.936539 1.853043 1.798804 1.761100 1.733577 1.712731 1.696479 1.683507 1.672953 1.664225 1.656907 1.650699 1.645376 1.640772
.000000 -6.109316 8.829162 3.287136 2.476254 2.189073 2.045506 1.960776 1.905552 1.867075 1.838946 1.817615 1.800970 1.787675 1.776852 1.767898 1.760387 1.754013 1.748547 1.743817
.000000 -6.393636 7.850760 3.430881 2.659137 2.371451 2.225256 2.138267 2.081297 2.041480 2.012305 1.990147 1.972833 1.958992 1.947715 1.938379 1.930545 1.923893 1.918186 1.913247
.000000 -7.140041 7.059546 3.669795 2.959794 2.675593 2.527068 2.437475 2.378322 2.336760 2.306194 2.282914 2.264687 2.250092 2.238184 2.228316 2.220028 2.212985 2.206940 2.201704
.000000 -9.349667 6.451744 4.028707 3.434596 3.176578 3.036213 2.949558 2.891498 2.850292 2.819769 2.796397 2.778021 2.763257 2.751181 2.741151 2.732712 2.725529 2.719356 2.714003
.000000 -22.849119 6.009188 4.516930 4.087754 3.891929 3.782595 3.714011 3.667565 3.634351 3.609608 3.590581 3.575570 3.563478 3.553565 3.545316 3.538365 3.532441 3.527344 3.522920
.000000 14.607185 5.762816 5.107192 4.884242 4.776375 4.714354 4.674767 4.647653 4.628110 4.613468 4.602159 4.593207 4.585976 4.580035 4.575082 4.570902 4.567336 4.564264 4.561594
.000000 .000000 .000000 .000000 .000000 .000000 .000000 .000000 .000000 .000000 .000000 .000000 .000000 .000000 .000000 .000000 .000000 .000000 .000000 .000000
