  53.20450   53.40721   53.77423   54.24224   54.78534   55.39179   56.04503   56.75348   57.51276   58.32566   59.18768   60.09091   61.03936   62.02682   63.04495   64.09704   65.18370   66.30270   67.44772   68.61288
  52.06491   52.33502   52.81912   53.42618   54.12936   54.90453   55.74657   56.63436   57.57583   58.58529   59.66507   60.81041   62.01476   63.27141   64.58334   65.94845   67.36234   68.82682   70.34062   71.90110
  50.71207   51.02635   51.57775   52.36915   53.23845   54.17681   55.20762   56.27308   57.40745   58.56968   59.82935   61.17865   62.62385   64.15089   65.75812   67.45768   69.24429   71.11578   73.05903   75.06246
  48.79500   49.27160   50.09944   51.11013   52.23136   53.38316   54.57133   55.78627   57.09305   58.43180   59.80868   61.28016   62.88681   64.66350   66.57723   68.62956   70.82933   73.15958   75.59399   78.12335
  38.54407   40.47941   43.47361   46.58588   49.35216   51.56596   53.60595   55.23645   56.85912   58.33444   59.82140   61.36550   63.01332   64.86928   67.01024   69.39842   72.02431   74.87785   77.89965   81.06813
   0.00000   29.92411   20.80617   12.95421   17.05006   27.06226   38.45089   48.28583   54.46618   57.90874   60.08597   61.80203   63.43721   65.17680   67.22707   69.77917   72.80983   76.23749   79.98455   83.98178
   0.00000   29.36459   19.19269   12.96623   18.75523   29.61456   40.97437   50.00431   55.34152   58.36298   60.41939   62.18717   63.98335   65.94604   68.32533   71.24614   74.64165   78.42453   82.51776   86.85561
   0.00000   29.39807   18.42572   13.09230   20.67499   32.05726   43.12978   51.27878   55.89258   58.60047   60.60564   62.47738   64.44538   66.66512   69.40026   72.69412   76.45314   80.58827   85.02385   89.69715
   0.00000   28.70176   17.31015   13.48870   22.71628   34.25077   44.90046   52.15577   56.16677   58.65568   60.67122   62.68362   64.83789   67.35630   70.46415   74.13237   78.25280   82.73608   87.50895   92.51240
   0.00000   27.44992   15.70574   14.21359   24.72708   36.23393   46.28834   52.67995   56.20581   58.56020   60.64354   62.81126   65.18070   68.03744   71.52840   75.56976   80.04750   84.87346   89.97772   95.30534
   0.00000   25.89141   14.51903   15.23417   26.59414   37.96602   47.30142   52.89534   56.04566   58.33991   60.53829   62.86844   65.49651   68.72290   72.60122   77.01285   81.84221   87.00439   92.43352   98.07886
   0.00000   24.42046   13.64120   16.58945   28.29429   39.40384   47.95171   52.84076   55.71979   58.01894   60.36166   62.87168   65.80794   69.42452   73.69050   78.46661   83.64081   89.13192   94.87898  100.83553
   0.00000   23.22953   13.31979   18.11233   29.81219   40.53482   48.26449   52.55539   55.25883   57.62372   60.11766   62.84349   66.13331   70.15236   74.80209   79.93534   85.44606   91.25865   97.31669  103.57782
   0.00000   22.10258   12.85098   19.73841   31.13349   41.35610   48.26900   52.07572   54.68863   57.16608   59.81850   62.80846   66.48911   70.91366   75.93968   81.42143   87.26032   93.38633   99.74822  106.30714
   0.00000   21.22758   12.79024   21.22414   32.27434   41.87219   48.00013   51.43682   54.03231   56.65231   59.48208   62.79280   66.88692   71.71413   77.10671   82.92695   89.08464   95.51597  102.17441  109.02478
   0.00000   20.20885   12.68981   22.37564   33.18175   42.08644   47.49461   50.67035   53.31254   56.08832   59.13143   62.81742   67.33588   72.55687   78.30455   84.45270   90.91972   97.64835  104.59638  111.73196
   0.00000   19.15864   12.79248   23.28679   33.83612   42.01108   46.78909   49.80518   52.54636   55.48496   58.79509   62.89883   67.84229   73.44465   79.53429   85.99904   92.76603   99.78403  107.01505  114.42961
   0.00000   18.07604   13.06793   24.01915   34.23034   41.66166   45.91972   48.86433   51.73994   54.85835   58.50251   63.04955   68.40881   74.37733   80.79581   87.56597   94.62396  101.92372  109.43103  117.11878
   0.00000   17.06650   13.62364   24.68393   34.36891   41.06263   44.91945   47.86698   50.89882   54.23232   58.27832   63.27676   69.03696   75.35487   82.08845   89.15333   96.49348  104.06778  111.84483  119.80016
   0.00000   16.01078   14.36704   25.19832   34.25737   40.24411   43.81928   46.83010   50.03157   53.63916   58.14106   63.58445   69.72603   76.37622   83.41170   90.76072   98.37458  106.21596  114.25656  122.47355
   0.00000   14.96629   15.15928   25.50697   33.90120   39.24158   42.64569   45.76702   49.15268   53.11628   58.10200   63.97239   70.47399   77.43974   84.76454   92.38772  100.26682  108.36784  116.66539  125.13799
   0.00000   13.92966   15.86756   25.58406   33.30597   38.09136   41.41986   44.68341   48.28967   52.69626   58.16647   64.43902   71.27930   78.54409   86.14627   94.03347  102.16911  110.52229  119.06961  127.79158
   0.00000   13.07859   16.15297   25.41022   32.48473   36.82949   40.15907   43.58854   47.48492   52.39953   58.33418   64.98155   72.13926   79.68807   87.55528   95.69682  104.07986  112.67697  121.46630  130.43066
   0.00000   12.04679   16.22769   25.00448   31.46010   35.48728   38.87705   42.49666   46.78997   52.23510   58.60184   65.59569   73.05123   80.86952   88.99015   97.37542  105.99637  114.82826  123.85124  133.04971
   0.00000   11.32525   16.29523   24.40600   30.26384   34.09176   37.58691   41.44422   46.24493   52.20262   58.96368   66.27769   74.01271   82.08638   90.44840   99.06613  107.91456  116.97096  126.21801  135.64131
   0.00000   10.29540   16.33565   23.64138   28.93489   32.66483   36.30275   40.49197   45.86853   52.29604   59.41375   67.02382   75.02080   83.33561   91.92621  100.76417  109.82813  119.09765  128.55767  138.19541
   0.00000    9.81848   16.15400   22.71722   27.50959   31.22521   35.04771   39.71124   45.66068   52.50581   59.94588   67.82954   76.07147   84.61252   93.41741  102.46187  111.72780  121.19768  130.85825  140.69906
   0.00000    9.00574   15.66552   21.62465   26.02518   29.78919   33.87464   39.14349   45.60980   52.82185   60.55357   68.68974   77.15897   85.90952   94.91249  104.14779  113.60032  123.25617  133.10394  143.13570
   0.00000    8.42947   14.83275   20.37079   24.51579   28.37577   32.88118   38.79060   45.69982   53.23410   61.22948   69.59669   78.27343   87.21477   96.39700  105.80499  115.42728  125.25332  135.27434  145.48483
   0.00000    7.88760   13.72946   18.99547   23.00582   27.02913   32.15125   38.63213   45.91475   53.73220   61.96455   70.53946   79.40081   88.51014   97.84969  107.41009  117.18391  127.16402  137.34471  147.72246
   0.00000    7.28531   12.53625   17.56198   21.51435   25.85975   31.69630   38.64207   46.23958   54.30463   62.74550   71.50054   80.51863   89.76905   99.24116  108.93215  118.83899  128.95783  139.28592  149.82133
   0.00000    6.86254   11.38991   16.12236   20.07746   25.01517   31.48194   38.79702   46.65945   54.93609   63.55226   72.45343   81.59460   90.95518  100.53388  110.33398  120.35667  130.60130  141.06724  151.75392
   0.00000    6.69711   10.34028   14.69529   18.80389   24.52552   31.46665   39.07617   47.15664   55.60401   64.35419   73.35976   82.58503   92.02370  101.68420  111.57491  121.70031  132.06213  142.66067  153.49599
   0.00000    6.63105    9.36739   13.30653   17.91588   24.32566   31.61610   39.45781   47.70573   56.27315   65.10579   74.16700   83.43682   92.92484  102.64776  112.61706  122.83868  133.31509  144.04622  155.03168
   0.00000    6.58555    8.43078   12.05207   17.47830   24.35072   31.90112   39.91294   48.26651   56.88990   65.74461   74.81214   84.09339   93.61209  103.38854  113.43409  123.75384  134.34888  145.21768  156.35843
   0.00000    6.39228    7.46518   11.18826   17.37179   24.55560   32.28838   40.39507   48.77472   57.37842   66.19481   75.23086   84.50777   94.05457  103.88925  114.01945  124.44715  135.17057  146.18592  157.48937
   0.00000    5.91132    6.53981   10.86250   17.50755   24.90142   32.72567   40.82690   49.13638   57.64719   66.38463   75.37874   84.65927   94.24947  104.15970  114.39149  124.94226  135.80692  146.97930  158.45351
   0.00000    5.22238    5.83907   10.90125   17.83609   25.33263   33.12038   41.08958   49.23844   57.61669   66.27660   75.25271   84.56664   94.22851  104.23874  114.59252  125.28282  136.30174  147.64106  159.29331
   0.00000    4.53493    5.53169   11.20690   18.30468   25.74137   33.31912   41.04070   48.99606   57.26625   65.89580   74.90215   84.28948   94.05443  104.18899  114.68341  125.52754  136.71146  148.22566  160.06154
   0.00000    4.07237    5.66726   11.74254   18.79873   25.92493   33.13712   40.59718   48.42360   56.66525   65.33238   74.41969   83.91648   93.81026  104.08796  114.73689  125.74511  137.10157  148.79602  160.81919
   0.00000    4.04484    6.26385   12.42701   19.04654   25.63231   32.51021   39.83938   47.65620   55.95404   64.71498   73.91980   83.55016   93.58933  104.02187  114.83377  126.01224  137.54566  149.42339  161.63578
   0.00000    4.76603    7.53882   12.93984   18.67971   24.85910   31.63690   38.99345   46.89167   55.29791   64.18375   73.52512   83.30125   93.49407  104.08727  115.06626  126.41784  138.13014  150.19235  162.59461
   0.00000    6.82980    9.57733   12.67705   17.85779   24.00491   30.85503   38.31431   46.32970   54.86294   63.88385   73.36791   83.29380   93.64270  104.39796  115.54481  127.06991  138.96124  151.20786  163.79971
   0.00000   10.55850   11.52447   13.00493   17.52700   23.68299   30.60231   38.15425   46.27728   54.92954   64.07938   73.70067   83.77142   94.27230  105.18624  116.49809  128.19424  140.26239  152.69138  165.47095
   0.00000   10.40608   11.31152   12.81375   17.41621   23.55958   30.45725   37.98436   46.08100   54.70593   63.82709   73.41824   83.45740   93.92539  104.80520  116.08175  127.74145  139.77204  152.16237  164.90220
   0.00000   10.17969   11.04474   12.47079   16.90722   22.86471   29.55714   36.86169   44.71978   53.09115   61.94456   71.25447   80.99946   91.16085  101.72210  112.66855  123.98699  135.66552  147.69328  160.06036
   0.00000    9.94894   10.77324   12.12449   16.39726   22.16909   28.65630   35.73827   43.35771   51.47540   60.06092   69.08941   78.54001   88.39458   98.63703  109.25313  120.23004  131.55620  143.22110  155.21510
   0.00000    9.71377   10.49700   11.77480   15.88644   21.47289   27.75493   34.61430   41.99506   49.85899   58.17650   66.92342   76.07949   85.62705   95.55050  105.83602  116.47116  127.44472  138.74650  150.36716
   0.00000    9.47400   10.21599   11.42168   15.37492   20.77628   26.85327   33.49009   40.63216   48.24228   56.29172   64.75699   73.61840   82.85882   92.46312  102.41790  112.71111  123.33189  134.27036  145.51748
   0.00000    9.22970    9.93018   11.06513   14.86282   20.07947   25.95156   32.36591   39.26933   46.62567   54.40702   62.59059   71.15728   80.09049   89.37556   98.99951  108.95067  119.21855  129.79359  140.66704
   0.00000    8.98080    9.63966   10.70526   14.35041   19.38276   25.05019   31.24222   37.90712   45.00977   52.52310   60.42503   68.69704   77.32306   86.28891   95.58204  105.19117  115.10615  125.31775  135.81752
   0.00000    8.72712    9.34435   10.34210   13.83786   18.68641   24.14946   30.11941   36.54598   43.39509   50.64054   58.26095   66.23839   74.55732   83.20404   92.16644  101.43362  110.99579  120.84405  130.97023
   0.00000    8.46725    9.04410    9.97580   13.32545   17.99076   23.24980   28.99798   35.18648   41.78232   48.76013   56.09924   63.78233   71.79439   80.12220   88.75407   97.67953  106.88911  116.37424  126.12706
   0.00000    8.20229    8.73918    9.60661   12.81351   17.29624   22.35173   27.87856   33.82940   40.17233   46.88285   53.94102   61.33011   69.03565   77.04491   85.34664   93.93074  102.78812  111.91052  121.29039
   0.00000    7.93166    8.42960    9.23476   12.30239   16.60330   21.45584   26.76184   32.47553   38.56605   45.00979   51.78751   58.88311   66.28265   73.97389   81.94602   90.18932   98.69506  107.45532  116.46282
   0.00000    7.65589    8.11560    8.86057   11.79249   15.91246   20.56275   25.64859   31.12577   36.96454   43.14214   49.64008   56.44286   63.53710   70.91103   78.55428   86.45754   94.61242  103.01133  111.64730
   0.00000    7.37456    7.79732    8.48454   11.28436   15.22443   19.67335   24.53989   29.78142   35.36929   41.28164   47.50070   54.01160   60.80148   67.85910   75.17450   82.73876   90.54386   98.58254  106.84810
   0.00000    7.08713    7.47486    8.10711   10.77852   14.53985   18.78845   23.43672   28.44362   33.78166   39.42984   45.37114   51.59130   58.07803   64.82057   71.80939   79.03598   86.49266   94.17249  102.06910
   0.00000    6.79361    7.14851    7.72894   10.27566   13.85962   17.90917   22.34042   27.11400   32.20354   37.58893   43.25389   49.18481   55.36992   61.79897   68.46286   75.35347   82.46349   89.78628   97.31577
   0.00000    6.49364    6.81837    7.35062    9.77645   13.18464   17.03664   21.25240   25.79422   30.63688   35.76117   41.15156   46.79504   52.68044   58.79796   65.13895   71.69568   78.46119   85.42917   92.59383
   0.00000    6.18729    6.48454    6.97290    9.28180   12.51608   16.17234   20.17446   24.48645   29.08423   33.94951   39.06750   44.42584   50.01388   55.82232   61.84295   68.06842   74.49213   81.10809   87.91078
   0.00000    5.87467    6.14722    6.59679    8.79275   11.85531   15.31799   19.10872   23.19322   27.54858   32.15743   37.00573   42.08172   47.37532   52.87772   58.58114   64.47861   70.56386   76.83124   83.27552
   0.00000    5.55593    5.80666    6.22346    8.31048   11.20385   14.47555   18.05758   21.91743   26.03337   30.38892   34.97080   39.76788   44.77062   49.97069   55.36073   60.93416   66.68507   72.60808   78.69829
   0.00000    5.23041    5.46309    5.85437    7.83639   10.56355   13.64734   17.02394   20.66258   24.54273   28.64881   32.96828   37.49063   42.20688   47.10915   52.19052   57.44477   62.86633   68.45014   74.19157
   0.00000    4.89728    5.11712    5.49142    7.37217    9.93661   12.83621   16.01130   19.43293   23.08171   26.94299   31.00495   35.25770   39.69279   44.30281   49.08125   54.02226   59.12061   64.37154   69.77069
   0.00000    4.55513    4.76932    5.13675    6.91975    9.32561   12.04545   15.02380   18.23348   21.65628   25.27843   29.08883   33.07822   37.23864   41.56316   46.04567   50.68068   55.46329   60.38902   65.45379
   0.00000    4.20228    4.42073    4.79282    6.48131    8.73344   11.27882   14.06614   17.06996   20.27325   23.66311   27.22915   30.96269   34.85630   38.90347   43.09850   47.43625   51.91212   56.52193   61.26187
   0.00000    3.83720    4.07293    4.46252    6.05957    8.16376   10.54108   13.14428   15.94966   18.94133   22.10723   25.43767   28.92453   32.56088   36.34064   40.25848   44.30961   48.48974   52.79496   57.22170
   0.00000    3.45826    3.72810    4.14895    5.65789    7.62108    9.83809   12.26559   14.88159   17.67127   20.62340   23.72895   26.98034   30.37112   33.89563   37.54888   41.32642   45.22423   49.23869   53.36646
   0.00000    3.06788    3.38868    3.85474    5.27968    7.11018    9.17616   11.43807   13.87555   16.47480   19.22540   22.11891   25.14832   28.30757   31.59142   34.99521   38.51480   42.14646   45.88678   49.73268
   0.00000    2.67265    3.05872    3.58352    4.93006    6.63806    8.56447   10.67329   12.94568   15.36883   17.93304   20.63047   23.45456   26.39970   29.46096   32.63404   35.91506   39.30055   42.78734   46.37254
   0.00000    2.28233    2.74303    3.33884    4.61507    6.21320    8.01418    9.98535   12.10925   14.37400   16.77055   19.29158   21.93097   24.68347   27.54449   30.51001   33.57641   36.74043   39.99913   43.34980
   0.00000    1.90750    2.44734    3.12482    4.34283    5.84715    7.54058    9.39353   11.38988   13.51852   15.77099   18.14041   20.62105   23.20799   25.89691   28.68403   31.56595   34.53962   37.60226   40.75134
   0.00000    1.55821    2.17753    2.94622    4.12447    5.55637    7.16565    8.92577   10.82179   12.84330   14.98232   17.23235   19.58796   22.04448   24.59783   27.24441   29.98100   32.80470   35.71288   38.70314
   0.00000    1.24250    1.93872    2.80778    3.97562    5.36574    6.92356    8.62597   10.45921   12.41349   14.48119   16.65609   18.93297   21.30734   23.77526   26.33327   28.97825   31.70742   34.51823   37.40835
   0.00000    0.96598    1.73401    2.71159    3.91587    5.31261    6.86906    8.56701   10.39411   12.34112   14.40070   16.56680   18.83428   21.19871   23.65622   26.20337   28.83708   31.55456   34.35331   37.23101
   0.00000    0.73237    1.56304    2.64857    3.94654    5.42146    7.05403    8.83005   10.73855   12.77082   14.91965   17.17900   19.54367   22.00915   24.57145   27.22705   29.97275   32.80570   35.72327   38.72309
   0.00000    0.54453    1.42119    2.59101    3.97672    5.54856    7.28663    9.17631   11.20628   13.36745   15.65228   18.05441   20.56836   23.18937   25.91323   28.73620   31.65491   34.66631   37.76764   40.95635
   0.00000    0.40732    1.31402    2.48812    3.87847    5.45551    7.19928    9.09515   11.13177   13.30000   15.59230   18.00228   20.52444   23.15402   25.88677   28.71896   31.64720   34.66843   37.77989   40.97901
   0.00000    0.00000    0.00000    0.00000    0.00000    0.00000    0.00000    0.00000    0.00000    0.00000    0.00000    0.00000    0.00000    0.00000    0.00000    0.00000    0.00000    0.00000    0.00000    0.00000
