  -3.18781   -3.04570   -2.78612   -2.45046   -2.05363   -1.60426   -1.10814   -0.56950    0.00842    0.62300    1.27212    1.95396    2.66699    3.40987    4.18142    4.98059    5.80646    6.65818    7.53498    8.43614
  -4.72933   -4.53991   -4.19400   -3.74696   -3.21884   -2.62123   -1.96187   -1.24636   -0.47897    0.33692    1.19849    2.10338    3.04957    4.03533    5.05909    6.11947    7.21526    8.34533    9.50871   10.70445
  -6.89686   -6.65181   -6.20434   -5.62632   -4.94403   -4.17275   -3.32255   -2.40069   -1.41264   -0.36267    0.74577    1.90971    3.12661    4.39422    5.71060    7.07406    8.48301    9.93602   11.43183   12.96928
  -9.98914   -9.67618   -9.10394   -8.36449   -7.49244   -6.50824   -5.42520   -4.25244   -2.99681   -1.66376   -0.25756    1.21827    2.76073    4.36721    6.03526    7.76274    9.54777   11.38860   13.28364   15.23140
 -14.45404  -14.05999  -13.33350  -12.39052  -11.27657  -10.01901   -8.63600   -7.14110   -5.54428   -3.85256   -2.07118   -0.20400    1.74572    3.77517    5.88173    8.06290   10.31646   12.64033   15.03253   17.49125
 -19.10952  -18.66696  -17.84748  -16.76467  -15.45770  -13.94840  -12.25578  -10.40439   -8.42584   -6.33942   -4.15103   -1.86329    0.52175    3.00193    5.57495    8.23844   10.98995   13.82708   16.74755   19.74920
 -18.94244  -18.47547  -17.60852  -16.46163  -15.07736  -13.48009  -11.69247   -9.74378   -7.66617   -5.47486   -3.17455   -0.76783    1.74289    4.35501    7.06582    9.87253   12.77241   15.76282   18.84129   22.00548
 -18.75230  -18.26100  -17.34661  -16.13609  -14.67527  -12.99147  -11.11129   -9.06850   -6.89369   -4.59855   -2.18717    0.33768    2.97312    5.71605    8.56333   11.51184   14.55855   17.70060   20.93535   24.26031
 -18.53951  -18.02398  -17.06222  -15.78853  -14.25200  -12.48320  -10.51305   -8.37897   -6.10839   -3.71031   -1.18862    1.45350    4.21264    7.08521   10.06764   13.15649   16.34848   19.64056   23.02989   26.51385
 -18.30454  -17.76477  -16.75586  -15.41947  -13.80812  -11.95596   -9.89854   -7.67552   -5.31024   -2.80998   -0.17873    2.57979    5.46158    8.46257   11.57881   14.80656   18.14230   21.58278   25.12502   28.76625
 -18.04783  -17.48387  -16.42793  -15.02939  -13.34419  -11.41045   -9.26845   -6.95833   -4.49923   -1.89745    0.84262    3.71664    6.72000    9.84818   13.09689   16.46210   19.94007   23.52737   27.22086   31.01763
 -17.76984  -17.18172  -16.07895  -14.61882  -12.86078  -10.84737   -8.62338   -6.22756   -3.67531   -0.97265    1.87549    4.86406    7.98790   11.24204   14.62188   18.12311   21.74181   25.47436   29.31747   33.26812
 -17.47105  -16.85880  -15.70947  -14.18825  -12.35849  -10.26745   -7.96381   -5.48330   -2.83849   -0.03555    2.91988    6.02204    9.26523   12.64411   16.15374   19.78959   23.54754   27.42380   31.41494   35.51779
 -17.15195  -16.51560  -15.31993  -13.73822  -11.83795   -9.67143   -7.29013   -4.72566   -1.98879    0.91382    3.97573    7.19050   10.55193   14.05430   17.69241   21.46150   25.35724   29.37569   33.51329   37.76675
 -16.81305  -16.15262  -14.91090  -13.26931  -11.29982   -9.06004   -6.60263   -3.95475   -1.12629    1.87536    5.04292    8.36930   11.84785   15.47251   19.23781   23.13877   27.17087   31.33005   35.61257   40.01504
 -16.45496  -15.77043  -14.48299  -12.78215  -10.74488   -8.43401   -5.90163   -3.17075   -0.25114    2.84889    6.12126    9.55826   13.15283   16.89859   20.78981   24.82130   28.98840   33.28685   37.71280   42.26275
 -16.07835  -15.36974  -14.03688  -12.27747  -10.17397   -7.79404   -5.18746   -2.37389    0.63640    3.83415    7.21048   10.75713   14.46663   18.33233   22.34825   26.50900   30.80973   35.24606   39.81401   44.50994
 -15.68401  -14.95130  -13.57334  -11.75610   -9.58802   -7.14082   -4.46049   -1.56453    1.53599    4.83079    8.31025   11.96558   15.78898   19.77351   23.91293   28.20170   32.63479   37.20766   41.91622   46.75670
 -15.27279  -14.51594  -13.09323  -11.21895   -8.98803   -6.47499   -3.72118   -0.74307    2.44721    5.83839    9.42015   13.18326   17.11955   21.22183   25.48364   29.89924   34.46345   39.17160   44.01944   49.00311
 -14.84556  -14.06455  -12.59740  -10.66697   -8.37501   -5.79713   -2.96998    0.09005    3.36961    6.85650   10.53978   14.40977   18.45800   22.67701   27.06013   31.60144   36.29560   41.13779   46.12366   51.24924
 -14.40321  -13.59801  -12.08674  -10.10115   -7.74993   -5.10781   -2.20736    0.93433    4.30269    7.88465   11.66868   15.64472   19.80398   24.13875   28.64217   33.30812   38.13112   43.10622   48.22893   53.49516
 -13.94665  -13.11722  -11.56217   -9.52253   -7.11369   -4.40758   -1.43385    1.78924    5.24593    8.92233   12.80639   16.88767   21.15710   25.60672   30.22946   35.01906   39.96985   45.07677   50.33520   55.74094
 -13.47682  -12.62318  -11.02465   -8.93217   -6.46710   -3.69699   -0.65001    2.65422    6.19877    9.96901   13.95242   18.13819   22.51698   27.08059   31.82176   36.73405   41.81166   47.04938   52.44247   57.98664
 -12.99469  -12.11683  -10.47514   -8.33119   -5.81089   -2.97666    0.14357    3.52866    7.16062   11.02415   15.10626   19.39582   23.88321   28.56001   33.41877   38.45288   43.65639   49.02396   54.55074   60.23231
 -12.50124  -11.59920   -9.91469   -7.72074   -5.14578   -2.24721    0.94623    4.41190    8.13084   12.08713   16.26734   20.66004   25.25532   30.04457   35.02013   40.17525   45.50381   51.00035   56.65990   62.47793
 -11.99754  -11.07131   -9.34440   -7.10197   -4.47250   -1.50935    1.75725    5.30325    9.10876   13.15732   17.43509   21.93031   26.63285   31.53385   36.62551   41.90088   47.35371   52.97841   58.76989   64.72353
 -11.48472  -10.53435   -8.76551   -6.47601   -3.79184   -0.76388    2.57585    6.20192   10.09365   14.23402   18.60885   23.20605   28.01526   33.02742   38.23451   43.62944   49.20584   54.95797   60.88063   66.96911
 -10.96401   -9.98949   -8.17935   -5.84394   -3.10468   -0.01168    3.40112    7.10704   11.08466   15.31647   19.78790   24.48661   29.40197   34.52471   39.84665   45.36054   51.05987   56.93879   62.99197   69.21461
 -10.43675   -9.43809   -7.58745   -5.20686   -2.41202    0.74624    4.23207    8.01766   12.08089   16.40379   20.97144   25.77123   30.79228   36.02512   41.46140   47.09371   52.91543   58.92058   65.10375   71.46001
  -9.90441   -8.88161   -6.99148   -4.56594   -1.71497    1.50875    5.06759    8.93269   13.08130   17.49500   22.15855   27.05905   32.18540   37.52791   43.07808   48.82838   54.77205   60.90301   67.21574   73.70522
  -9.36850   -8.32153   -6.39315   -3.92236   -1.01472    2.27468    5.90653    9.85103   14.08482   18.58909   23.34826   28.34916   33.58046   39.03230   44.69601   50.56396   56.62927   62.88574   69.32777   75.95024
  -8.83058   -7.75943   -5.79411   -3.27733   -0.31253    3.04276    6.74764   10.77143   15.09026   19.68489   24.53944   29.64046   34.97643   40.53732   46.31434   52.29973   58.48650   64.86838   71.43962   78.19502
  -8.29233   -7.19699   -5.19578   -2.63220    0.39025    3.81162    7.58955   11.69257   16.09629   20.78111   25.73081   30.93175   36.37218   42.04196   47.93218   54.03498   60.34325   66.85060   73.55118   80.43968
  -7.75554   -6.63608   -4.59959   -1.98849    1.09211    4.57976    8.43076   12.61294   17.10142   21.87624   26.92094   32.22163   37.76646   43.54514   49.54868   55.76907   62.19910   68.83224   75.66253   82.68454
  -7.22212   -6.07877   -4.00722   -1.34783    1.79138    5.34546    9.26952   13.53074   18.10381   22.96847   28.10804   33.50850   39.15783   45.04567   51.16289   57.50133   64.05363   70.81312   77.77373   84.92989
  -6.69418   -5.52748   -3.42062   -0.71206    2.48618    6.10676   10.10377   14.44385   19.10133   24.05574   29.29024   34.79069   40.54496   46.54254   52.77410   59.23134   65.90671   72.79340   79.88518   87.17636
  -6.17394   -4.98480   -2.84180   -0.08318    3.17436    6.86134   10.93104   15.34970   20.09146   25.13572   30.46553   36.06659   41.92659   48.03482   54.38173   60.95879   67.75828   74.77324   81.99730   89.42460
  -5.66376   -4.45336   -2.27289    0.53660    3.85345    7.60643   11.74836   16.24537   21.07156   26.20621   31.63218   37.33492   43.30186   49.52199   55.98551   62.68369   69.60861   76.75315   84.11079   91.67554
  -5.16604   -3.93567   -1.71608    1.14474    4.52036    8.33855   12.55227   17.12779   22.03914   27.26534   32.78887   38.59478   44.67017   51.00370   57.58534   64.40612   71.45797   78.73359   86.22632   93.93005
  -4.68316   -3.43408   -1.17374    1.73810    5.17118    9.05366   13.33929   17.99437   22.99246   28.31196   33.93482   39.84566   46.03119   52.47981   59.18122   66.12627   73.30671   80.71508   88.34459   96.18901
  -4.21737   -2.95072   -0.64867    2.31235    5.80100    9.74784   14.10696   18.84372   23.93071   29.34558   35.06971   41.08732   47.38480   53.95028   60.77325   67.84436   75.15520   82.69816   90.46632   98.45333
  -3.77077   -2.48764   -0.14525    2.86126    6.40532   10.41904   14.85452   19.67551   24.85362   30.36587   36.19318   42.31941   48.73068   55.41488   62.36127   69.56034   77.00351   84.68303   92.59186  100.72351
  -3.34524   -2.04748    0.32808    3.37934    6.98335   11.06781   15.58246   20.48996   25.76122   31.37276   37.30514   43.54191   50.06890   56.87377   63.94559   71.27469   78.85230   86.67055   94.72225  103.00082
  -2.94238   -1.64330    0.76360    3.86841    7.53709   11.69498   16.29086   21.28670   26.65290   32.36554   38.40483   44.75400   51.39865   58.32619   65.52552   72.98675   80.70100   88.66022   96.85712  105.28497
  -2.88418   -1.58522    0.82195    3.92671    7.59540   11.75344   16.34956   21.34573   26.71230   32.42537   38.46514   44.81482   51.46001   58.38813   65.58805   73.04992   80.76482   88.72471   96.92231  105.35087
  -2.82456   -1.55975    0.78519    3.80966    7.38337   11.43374   15.91085   20.77765   26.00527   31.57043   37.45383   43.63913   50.11229   56.86105   63.87460   71.14329   78.65848   86.41232   94.39770  102.60808
  -2.76346   -1.53279    0.74992    3.69410    7.17283   11.11553   15.47363   20.21107   25.29975   30.71700   36.44404   42.46497   48.76610   55.33552   62.16269   69.23823   76.55370   84.10150   91.87468   99.86688
  -2.70087   -1.50431    0.71617    3.58004    6.96380   10.79883   15.03793   19.64601   24.59576   29.86511   35.43580   41.29235   47.42147   53.81155   60.45235   67.33474   74.45051   81.79227   89.35326   97.12729
  -2.63674   -1.47428    0.68396    3.46753    6.75631   10.48368   14.60377   19.08251   23.89332   29.01478   34.42912   40.12131   46.07841   52.28916   58.74359   65.43283   72.34891   79.48463   86.83344   94.38930
  -2.57105   -1.44267    0.65334    3.35659    6.55039   10.17011   14.17121   18.52060   23.19249   28.16606   33.42406   38.95190   44.73700   50.76843   57.03650   63.53261   70.24901   77.17870   84.31533   91.65304
  -2.50376   -1.40944    0.62432    3.24725    6.34607    9.85812   13.74022   17.96027   22.49323   27.31892   32.42058   37.78405   43.39716   49.24926   55.33097   61.63394   68.15065   74.87431   81.79876   88.91831
  -2.43485   -1.37456    0.59696    3.13956    6.14340    9.54781   13.31093   17.40165   21.79571   26.47352   31.41887   36.61801   42.05913   47.73193   53.62730   59.73716   66.05420   72.57187   79.28416   86.18558
  -2.36429   -1.33800    0.57128    3.03354    5.94241    9.23918   12.88332   16.84473   21.09989   25.62985   30.41889   35.45370   40.72285   46.21636   51.92541   57.84217   63.95956   70.27124   76.77139   83.45469
  -2.29204   -1.29973    0.54730    2.92921    5.74311    8.93225   12.45743   16.28953   20.40581   24.78792   29.42067   34.29117   39.38836   44.70260   50.22533   55.94900   61.86676   67.97246   74.26049   80.72569
  -2.21810   -1.25973    0.52505    2.82662    5.54556    8.62707   12.03332   15.73613   19.71355   23.94784   28.42431   33.13053   38.05579   43.19077   48.52723   54.05784   59.77600   65.67575   71.75169   77.99882
  -2.14244   -1.21796    0.50457    2.72579    5.34978    8.32370   11.61103   15.18459   19.02317   23.10968   27.42991   31.97187   36.72524   41.68101   46.83122   52.16881   57.68740   63.38126   69.24514   75.27425
  -2.06504   -1.17442    0.48586    2.62672    5.15577    8.02210   11.19052   14.63484   18.33461   22.27334   26.43735   30.81508   35.39656   40.17314   45.13712   50.28171   55.60076   61.08873   66.74058   72.55169
  -1.98589   -1.12907    0.46896    2.52947    4.96361    7.72240   10.77197   14.08710   17.64811   21.43913   25.44698   29.66054   34.07022   38.66767   43.44550   48.39717   53.51675   58.79892   64.23883   69.83202
  -1.90500   -1.08193    0.45386    2.43402    4.77327    7.42455   10.35530   13.54127   16.96356   20.60690   24.45864   28.50807   32.74599   37.16436   41.75609   46.51488   51.43505   56.51148   61.73950   67.11482
  -1.82237   -1.03297    0.44056    2.34040    4.58481    7.12863    9.94062   12.99751   16.28115   19.77689   23.47259   27.35797   31.42421   35.66359   40.06931   44.63532   49.35618   54.22696   59.24319   64.40076
  -1.73801   -0.98223    0.42906    2.24859    4.39819    6.83460    9.52788   12.45574   15.60079   18.94899   22.48872   26.21013   30.10476   34.16523   38.38502   42.75833   47.27996   51.94518   56.74972   61.68963
  -1.65195   -0.92971    0.41933    2.15857    4.21341    6.54247    9.11712   11.91602   14.92256   18.12331   21.50716   25.06468   28.78780   32.66946   36.70342   40.88415   45.20666   49.66644   54.25939   58.98177
  -1.56425   -0.87546    0.41135    2.07035    4.03050    6.25230    8.70840   11.37845   14.24659   17.30001   20.52809   23.92186   27.47360   31.17659   35.02487   39.01316   43.13670   47.39119   51.77274   56.27774
  -1.47497   -0.81953    0.40506    1.98387    3.84942    5.96406    8.30173   10.84305   13.57291   16.47912   19.55158   22.78174   26.16226   29.68674   33.34950   37.14552   41.07027   45.11967   49.28999   53.57782
  -1.38418   -0.76201    0.40039    1.89908    3.67014    5.67772    7.89708   10.30981   12.90154   15.66070   18.57770   21.64443   24.85391   28.20005   31.67749   35.28145   39.00762   42.85213   46.81145   50.88233
  -1.29201   -0.70298    0.39726    1.81594    3.49263    5.39332    7.49455    9.77886   12.23265   14.84497   17.60673   20.51025   23.54893   26.71700   30.00937   33.42153   36.94941   40.58932   44.33793   48.19216
  -1.19860   -0.64258    0.39559    1.73440    3.31690    5.11091    7.09422    9.25036   11.56649   14.03225   16.63906   19.37969   22.24788   25.23821   28.34588   31.56661   34.89656   38.33227   41.87057   45.50857
  -1.10411   -0.58097    0.39521    1.65431    3.14283    4.83038    6.69603    8.72427   10.90301   13.22250   15.67470   18.25276   20.95083   23.76379   26.68713   29.71682   32.84926   36.08118   39.40961   42.83182
  -1.00876   -0.51834    0.39596    1.57557    2.97036    4.55173    6.30003    8.20070   10.24241   12.41603   14.71400   17.12993   19.65832   22.29437   25.03386   27.87302   30.80845   33.83712   36.95622   40.16322
  -0.91280   -0.45490    0.39776    1.49824    2.79971    4.27536    5.90680    7.68045    9.58572   11.61409   13.75850   16.01298   18.37241   20.83232   23.38874   26.03817   28.77745   31.60373   34.51441   37.50709
  -0.81653   -0.39096    0.40031    1.42199    2.63053    4.00088    5.51595    7.16309    8.93247   10.81617   12.80764   14.90133   17.09249   19.37695   21.75105   24.21153   26.75544   29.38015   32.08324   34.86249
  -0.72029   -0.32681    0.40351    1.34696    2.46318    3.72895    5.12841    6.64988    8.28426   10.02425   11.86379   13.79775   15.82174   17.93192   20.12490   22.39767   24.74751   27.17198   29.66885   32.23608
  -0.62445   -0.26276    0.40724    1.27322    2.29800    3.46014    4.74506    6.14200    7.64263    9.24023   10.92922   12.70492   14.56328   16.50078   18.51430   20.60107   22.75862   24.98469   27.27723   29.63437
  -0.52943   -0.19908    0.41157    1.20122    2.13585    3.19581    4.36778    5.64195    7.01069    8.46788   10.00845   11.62809   13.32313   15.09036   16.92692   18.83031   20.79825   22.82869   24.91976   27.06975
  -0.43568   -0.13591    0.41688    1.13201    1.97857    2.93870    4.00032    5.15451    6.39439    7.71438    9.10990   10.57706   12.11252   13.71337   15.37703   17.10122   18.88388   20.72316   22.61737   24.56495
  -0.34362   -0.07311    0.42436    1.06809    1.83023    2.69465    3.65045    4.68961    5.80592    6.99436    8.25081    9.57175   10.95419   12.39550   13.89336   15.44572   17.05073   18.70671   20.41214   22.16563
  -0.25367   -0.00973    0.43737    1.01595    1.70100    2.47802    3.33719    4.27130    5.27475    6.34305    7.47248    8.65989    9.90257   11.19817   12.54462   13.94005   15.38281   16.87138   18.40441   19.98064
  -0.16621    0.05803    0.46717    0.99649    1.62329    2.33426    3.12039    3.97509    4.89325    5.87074    6.90415    7.99063    9.12768   10.31315   11.54514   12.82195   14.14206   15.50411   16.90682   18.34906
  -0.08157    0.15023    0.56992    1.11336    1.75689    2.48683    3.29394    4.17145    5.11411    6.11769    7.17868    8.29415    9.46155   10.67865   11.94352   13.25441   14.60975   16.00814   17.44829   18.92902
   0.00000    0.02489    0.09954    0.22397    0.39816    0.62213    0.89586    1.21937    1.59264    2.01569    2.48850    3.01109    3.58344    4.20557    4.87746    5.59913    6.37056    7.19176    8.06274    8.98348
